timestamp POX HR POX_STATUS EDA EDA_FILTER EDA_PHASIC EDA_TONIC EDA_STATUS
0.000 0 67
0.000 0 67
0.010 0 67
0.010 0 67
0.010 0 67
0.022 0 67
0.022 0 67
0.022 0 67
0.022 0 67
0.033 0 67
0.033 0 67
0.033 0 67
0.045 0 67
0.045 2 67
0.057 0 67
0.057 0 67
0.057 0 67
0.068 0 67
0.068 0 67
0.068 0 67
0.068 0 67
0.080 0 67
0.080 0 67
0.091 0 67
0.091 0 67
0.091 0 67
0.103 0 67
0.103 0 67
0.103 0 67
0.103 0 67
0.115 0 67
0.115 0 67
0.126 0 67
0.126 0 67
0.126 0 67
0.138 0 67
0.138 0 67
0.138 1 67
0.149 0 67
0.149 0 67
0.149 0 67
0.161 0 67
0.161 1 67
0.173 0 67
0.173 0 67
0.173 0 67
0.173 0 67
0.184 0 67
0.184 0 67
0.196 0 67
0.196 0 67
0.196 0 67
0.196 0 67
0.208 0 67
0.208 0 67
0.219 0 67
0.219 1 67
0.219 0 67
0.231 0 67
0.231 0 67
0.231 0 67
0.231 0 67
0.242 0 67
0.242 0 67
0.254 0 67
0.254 0 67
0.254 1 67
0.266 0 67
0.266 0 67
0.266 0 67
0.277 0 67
0.277 0 67
0.277 0 67
0.289 0 67
0.289 0 67
0.289 0 67
0.300 0 67
0.300 0 67
0.312 0 67
0.312 0 67
0.312 1 67
0.312 0 67
0.324 0 67
0.324 0 67
0.335 1 67
0.335 0 67
0.335 0 67
0.347 0 67
0.347 0 67
0.347 0 67
0.358 1 67
0.358 0 67
0.358 0 67
0.370 0 67
0.370 0 67
0.382 0 67
0.382 0 67
0.382 0 67
0.382 0 67
0.393 0 67
0.393 0 67
0.393 0 67
0.405 0 67
0.405 0 67
0.417 2 67
0.417 0 67
0.417 0 67
0.417 0 67
0.428 0 67
0.428 0 67
0.440 0 67
0.440 0 67
0.440 0 67
0.451 0 67
0.451 0 67
0.451 0 67
0.463 0 67
0.463 0 67
0.463 0 67
0.475 0 67
0.475 0 67
0.475 0 67
0.486 0 67
0.486 0 67
0.486 0 67
0.498 0 67
0.498 0 67
0.498 2 67
0.509 0 67
0.509 0 67
0.521 0 67
0.521 0 67
0.521 0 67
0.521 1 67
0.533 0 67
0.533 0 67
0.533 0 67
0.544 0 67
0.544 0 67
0.556 0 67
0.556 0 67
0.556 0 67
0.567 0 67
0.567 0 67
0.567 0 67
0.579 0 67
0.579 0 67
0.579 0 67
0.591 0 67
0.591 0 67
0.591 0 67
0.591 1 67
0.602 0 67
0.602 0 67
0.614 0 67
0.614 0 67
0.614 0 67
0.625 1 67
0.625 0 67
0.637 0 67
0.637 0 67
0.637 0 67
0.637 0 67
0.649 0 67
0.649 0 67
0.660 0 67
0.660 0 67
0.660 0 67
0.672 0 67
0.672 0 67
0.672 1 67
0.672 0 67
0.684 0 67
0.684 0 67
0.695 973 70
0.695 971 70
0.695 974 70
0.695 974 70
0.707 975 70
0.707 972 70
0.718 973 70
0.718 974 70
0.718 974 70
0.730 975 70
0.730 973 70
0.730 972 70
0.742 974 70
0.742 974 70
0.742 974 70
0.753 973 70
0.753 975 70
0.765 975 70
0.765 974 70
0.765 973 70
0.765 972 70
0.776 974 70
0.800 975 70
0.800 974 70
0.800 974 70
0.800 971 70
0.800 0 70
0.800 0 70
0.800 0 70
0.811 0 70
0.811 1 70
0.811 0 70
0.823 0 70
0.823 0 70
0.823 0 70
0.834 0 70
0.834 0 70
0.846 0 70
0.846 0 70
0.846 0 70
0.846 0 70
0.858 0 70
0.858 0 70
0.858 0 70
0.869 1 70
0.869 0 70
0.881 0 70
0.881 0 70
0.881 0 70
0.881 1 70
0.893 0 70
0.893 0 70
0.904 0 70
0.904 0 70
0.904 0 70
0.904 0 70
0.916 0 70
0.916 0 70
0.927 0 70
0.927 0 70
0.927 0 70
0.939 0 70
0.939 0 70
0.939 1 70
0.951 0 70
0.951 0 70
0.951 0 70
0.962 0 70
0.962 1 70
0.962 0 70
0.974 0 70
0.974 0 70
0.985 0 70
0.985 1 70
0.985 0 70
0.985 0 70
0.997 0 70
0.997 0 70
1.009 0 70
1.009 0 70
1.009 0 70
1.009 0 70
1.020 0 70
1.020 0 70
1.032 0 70
1.032 0 70
1.032 0 70
1.043 1 70
1.043 0 70
1.043 0 70
1.043 0 70
1.055 1 70
1.055 0 70
1.067 0 70
1.067 0 70
1.067 0 70
1.078 0 70
1.078 1 70
1.078 0 70
1.090 0 70
1.090 0 70
1.090 0 70
1.101 0 70
1.101 0 70
1.101 0 70
1.113 0 70
1.113 0 70
1.113 0 70
1.125 0 70
1.125 0 70
1.125 0 70
1.136 1 70
1.136 0 70
1.148 0 70
1.148 0 70
1.148 0 70
1.148 0 70
1.160 0 70
1.160 0 70
1.171 0 70
1.171 0 70
1.171 0 70
1.183 0 70
1.183 0 70
1.183 0 70
1.183 0 70
1.194 0 70
1.194 0 70
1.206 0 70
1.206 0 70
1.206 0 70
1.218 0 70
1.218 0 70
1.218 0 70
1.229 2 70
1.229 0 70
1.229 0 70
1.241 0 70
1.241 0 70
1.252 0 70
1.252 0 70
1.252 0 70
1.264 0 70
1.264 0 70
1.264 0 70
1.264 0 70
1.276 0 70
1.276 0 70
1.287 0 70
1.287 0 70
1.287 0 70
1.299 0 70
1.299 0 70
1.299 0 70
1.299 1 70
1.310 0 70
1.310 0 70
1.322 0 70
1.322 1 70
1.322 0 70
1.334 0 70
1.334 0 70
1.334 0 70
1.345 0 70
1.345 1 70
1.345 0 70
1.357 0 70
1.357 0 70
1.369 0 70
1.369 0 70
1.369 0 70
1.369 0 70
1.380 0 70
1.380 0 70
1.392 0 70
1.392 0 70
1.392 0 70
1.403 1 70
1.403 0 70
1.403 0 70
1.415 0 70
1.415 0 70
1.415 1 70
1.427 0 70
1.427 0 70
1.427 0 70
1.438 0 70
1.438 1 70
1.450 0 70
1.450 0 70
1.450 0 70
1.450 0 70
1.461 0 70
1.461 0 70
1.470 0 70
1.473 0 70
1.473 0 70
1.473 0 70
1.485 0 70
1.485 0 70
1.485 0 70
1.496 1 70
1.496 0 70
1.508 0 70
1.508 0 70
1.508 0 70
1.519 0 70
1.519 0 70
1.519 0 70
1.519 0 70
1.531 0 70
1.531 1 70
1.543 0 70
1.543 0 70
1.543 0 70
1.554 0 70
1.554 0 70
1.554 975 66
1.566 974 66
1.566 972 66
1.566 972 66
1.578 975 66
1.578 975 66
1.578 974 66
1.589 973 66
1.589 972 66
1.589 974 66
1.601 975 66
1.601 974 66
1.612 971 66
1.612 974 66
1.612 974 66
1.612 975 66
1.624 975 66
1.624 972 66
1.636 971 66
1.636 974 66
1.636 974 66
1.636 975 66
1.647 973 66
1.647 975 66
1.659 974 66
1.659 0 66
1.659 0 66
1.670 0 66
1.670 0 66
1.670 0 66
1.682 0 66
1.682 0 66
1.682 1 66
1.694 0 66
1.694 0 66
1.694 0 66
1.705 0 66
1.705 0 66
1.705 0 66
1.717 0 66
1.717 0 66
1.717 0 66
1.728 0 66
1.728 0 66
1.740 0 66
1.740 0 66
1.740 0 66
1.740 0 66
1.752 0 66
1.752 0 66
1.763 0 66
1.763 2 66
1.763 0 66
1.775 0 66
1.775 0 66
1.775 1 66
1.775 0 66
1.786 0 66
1.786 0 66
1.798 0 66
1.798 0 66
1.798 1 66
1.810 0 66
1.810 0 66
1.810 0 66
1.821 0 66
1.821 0 66
1.821 0 66
1.833 0 66
1.833 0 66
1.845 0 66
1.845 0 66
1.845 0 66
1.845 0 66
1.856 0 66
1.856 1 66
1.868 0 66
1.868 0 66
1.868 0 66
1.879 1 66
1.879 0 66
1.879 0 66
1.891 0 66
1.891 0 66
1.891 0 66
1.903 1 66
1.903 0 66
1.903 0 66
1.914 0 66
1.914 0 66
1.914 0 66
1.926 0 66
1.926 0 66
1.926 0 66
1.937 0 66
1.937 0 66
1.937 0 66
1.949 0 66
1.949 1 66
1.961 0 66
1.961 0 66
1.961 0 66
1.961 0 66
1.972 0 66
1.972 0 66
1.972 0 66
1.984 0 66
1.984 0 66
1.995 1 66
1.995 0 66
2.007 0 66
2.007 0 66
2.007 0 66
2.007 0 66
2.019 0 66
2.019 0 66
2.019 0 66
2.020 0 66
2.030 0 66
2.030 0 66
2.042 0 66
2.042 0 66
2.054 1 66
2.054 0 66
2.054 0 66
2.054 0 66
2.065 0 66
2.065 0 66
2.077 1 66
2.077 0 66
2.077 0 66
2.088 0 66
2.088 0 66
2.088 0 66
2.088 0 66
2.100 0 66
2.100 0 66
2.112 0 66
2.112 0 66
2.112 0 66
2.112 0 66
2.123 0 66
2.123 0 66
2.135 0 66
2.135 0 66
2.135 0 66
2.146 1 66
2.146 0 66
2.146 0 66
2.158 0 66
2.158 0 66
2.158 1 66
2.170 0 66
2.170 0 66
2.181 0 66
2.181 0 66
2.181 0 66
2.181 0 66
2.193 0 66
2.193 0 66
2.193 0 66
2.204 0 66
2.204 0 66
2.216 0 66
2.216 0 66
2.216 1 66
2.216 0 66
2.228 0 66
2.228 0 66
2.239 0 66
2.239 1 66
2.239 0 66
2.239 0 66
2.251 0 66
2.251 0 66
2.262 1 66
2.262 0 66
2.262 0 66
2.274 0 66
2.274 0 66
2.274 0 66
2.286 0 66
2.286 0 66
2.286 0 66
2.297 0 66
2.297 0 66
2.297 0 66
2.309 0 66
2.309 0 66
2.321 1 66
2.321 0 66
2.321 0 66
2.332 0 66
2.332 0 66
2.332 0 66
2.344 0 66
2.344 0 66
2.344 0 66
2.344 0 66
2.355 1 66
2.355 0 66
2.355 974 69
2.367 974 69
2.367 972 69
2.379 974 69
2.379 974 69
2.379 975 69
2.390 973 69
2.390 973 69
2.390 974 69
2.402 974 69
2.402 974 69
2.413 974 69
2.413 974 69
2.413 971 69
2.425 973 69
2.425 0 69
2.425 0 69
2.437 0 69
2.437 0 69
2.448 0 69
2.448 0 69
2.448 0 69
2.460 0 69
2.460 0 69
2.460 0 69
2.471 0 69
2.471 0 69
2.471 0 69
2.471 1 69
2.483 0 69
2.483 0 69
2.495 0 69
2.495 1 69
2.495 0 69
2.506 0 69
2.506 0 69
2.506 0 69
2.518 0 69
2.518 1 69
2.518 0 69
2.530 0 69
2.530 0 69
2.530 0 69
2.541 0 69
2.541 0 69
2.553 0 69
2.553 0 69
2.553 0 69
2.553 0 69
2.564 0 69
2.564 0 69
2.576 1 69
2.576 0 69
2.576 0 69
2.576 0 69
2.588 0 69
2.588 0 69
2.599 0 69
2.599 0 69
2.599 0 69
2.611 0 69
2.611 0 69
2.611 0 69
2.611 0 69
2.622 0 69
2.622 0 69
2.634 0 69
2.634 0 69
2.634 0 69
2.646 0 69
2.646 0 69
2.646 0 69
2.657 0 69
2.657 0 69
2.657 0 69
2.669 1 69
2.669 0 69
2.669 0 69
2.680 0 69
2.680 0 69
2.680 0 69
2.692 0 69
2.692 0 69
2.704 0 69
2.704 0 69
2.704 1 69
2.715 0 69
2.715 0 69
2.715 0 69
2.715 0 69
2.727 0 69
2.727 0 69
2.739 0 69
2.739 0 69
2.750 0 69
2.750 0 69
2.750 0 69
2.750 0 69
2.762 0 69
2.762 2 69
2.762 0 69
2.773 0 69
2.773 0 69
2.785 0 69
2.785 1 69
2.785 0 69
2.785 0 69
2.797 0 69
2.797 0 69
2.808 0 69
2.808 0 69
2.808 0 69
2.808 0 69
2.820 0 69
2.820 0 69
2.831 0 69
2.831 0 69
2.831 0 69
2.843 0 69
2.843 0 69
2.843 0 69
2.843 0 69
2.855 0 69
2.855 1 69
2.866 0 69
2.866 0 69
2.866 0 69
2.878 0 69
2.878 1 69
2.878 0 69
2.889 0 69
2.889 0 69
2.901 0 69
2.901 0 69
2.901 0 69
2.901 0 69
2.913 0 69
2.913 0 69
2.924 0 69
2.924 0 69
2.924 0 69
2.936 0 69
2.936 1 69
2.936 0 69
2.947 0 69
2.947 0 69
2.947 1 69
2.959 0 69
2.959 0 69
2.959 0 69
2.971 0 69
2.971 0 69
2.971 1 69
2.971 0 69
2.982 0 69
2.982 0 69
2.994 0 69
2.994 0 69
2.994 0 69
3.006 0 69
3.006 0 69
3.006 0 69
3.017 0 69
3.017 0 69
3.017 0 69
3.029 0 69
3.029 2 69
3.029 0 69
3.040 0 69
3.040 0 69
3.052 0 69
3.052 0 69
3.052 0 69
3.052 0 69
3.064 0 69
3.064 0 69
3.064 0 69
3.075 0 69
3.075 0 69
3.087 0 69
3.087 0 69
3.087 0 69
3.098 0 69
3.098 0 69
3.098 0 69
3.110 1 69
3.110 0 69
3.110 0 69
3.122 0 69
3.122 2 69
3.122 0 69
3.133 0 69
3.133 0 69
3.133 0 69
3.145 0 69
3.145 1 69
3.156 0 69
3.156 0 69
3.156 0 69
3.156 0 69
3.168 0 69
3.168 0 69
3.168 0 69
3.180 0 69
3.180 0 69
3.191 0 69
3.191 0 69
3.191 975 74
3.203 974 74
3.203 973 74
3.203 974 74
3.215 974 74
3.215 973 74
3.215 972 74
3.226 974 74
3.226 975 74
3.238 974 74
3.238 974 74
3.238 971 74
3.238 974 74
3.249 975 74
3.249 975 74
3.249 971 74
3.261 972 74
3.261 974 74
3.261 975 74
3.273 975 74
3.273 972 74
3.284 971 74
3.284 974 74
3.284 974 74
3.284 974 74
3.296 973 74
3.296 0 74
3.307 0 74
3.307 0 74
3.307 0 74
3.319 1 74
3.319 0 74
3.319 0 74
3.331 0 74
3.331 0 74
3.331 0 74
3.331 0 74
3.342 0 74
3.342 0 74
3.354 0 74
3.354 0 74
3.354 0 74
3.365 0 74
3.365 0 74
3.365 0 74
3.377 0 74
3.377 0 74
3.389 0 74
3.389 0 74
3.389 1 74
3.389 0 74
3.400 0 74
3.400 0 74
3.412 0 74
3.412 0 74
3.412 0 74
3.423 0 74
3.423 0 74
3.423 0 74
3.435 1 74
3.435 0 74
3.435 0 74
3.435 0 74
3.447 0 74
3.447 0 74
3.458 0 74
3.458 0 74
3.458 0 74
3.470 0 74
3.470 0 74
3.470 0 74
3.482 0 74
3.482 0 74
3.482 1 74
3.493 0 74
3.493 0 74
3.505 0 74
3.505 0 74
3.505 0 74
3.505 0 74
3.516 0 74
3.516 0 74
3.516 0 74
3.528 1 74
3.528 0 74
3.528 0 74
3.540 0 74
3.540 0 74
3.551 0 74
3.551 0 74
3.551 0 74
3.563 0 74
3.563 0 74
3.563 0 74
3.574 0 74
3.574 0 74
3.574 0 74
3.586 1 74
3.586 0 74
3.586 0 74
3.598 0 74
3.598 0 74
3.598 1 74
3.609 0 74
3.609 0 74
3.609 0 74
3.621 0 74
3.621 0 74
3.621 0 74
3.632 0 74
3.632 0 74
3.632 0 74
3.644 0 74
3.644 0 74
3.656 0 74
3.656 0 74
3.656 1 74
3.667 0 74
3.667 0 74
3.667 0 74
3.667 1 74
3.679 0 74
3.679 0 74
3.691 0 74
3.691 0 74
3.691 0 74
3.702 1 74
3.702 0 74
3.702 0 74
3.714 0 74
3.714 0 74
3.714 0 74
3.725 0 74
3.725 0 74
3.725 0 74
3.737 0 74
3.737 0 74
3.749 0 74
3.749 0 74
3.749 0 74
3.749 1 74
3.760 0 74
3.760 0 74
3.772 0 74
3.772 1 74
3.772 0 74
3.772 0 74
3.783 0 74
3.783 0 74
3.795 0 74
3.795 1 74
3.795 0 74
3.795 0 74
3.807 0 74
3.807 0 74
3.818 0 74
3.818 0 74
3.818 0 74
3.830 0 74
3.830 0 74
3.830 0 74
3.841 0 74
3.841 0 74
3.853 2 74
3.853 0 74
3.853 0 74
3.853 0 74
3.865 0 74
3.865 0 74
3.876 0 74
3.876 0 74
3.876 0 74
3.876 0 74
3.888 0 74
3.888 0 74
3.900 0 74
3.900 0 74
3.900 0 74
3.900 0 74
3.911 0 74
3.911 0 74
3.911 0 74
3.923 0 74
3.923 0 74
3.934 0 74
3.934 0 74
3.934 0 74
3.946 2 74
3.946 0 74
3.946 0 74
3.958 0 74
3.958 0 74
3.969 0 74
3.969 0 74
3.969 0 74
3.969 0 74
3.981 0 74
3.981 0 74
3.992 0 74
3.992 0 74
3.992 0 74
3.992 0 74
4.004 0 74
4.004 0 74
4.016 0 74
4.016 0 74
4.016 0 74
4.016 0 74
4.027 0 74
4.027 0 74
4.039 0 74
4.039 1 74
4.039 0 74
4.050 0 74
4.050 0 74
4.050 0 74
4.062 1 74
4.062 0 74
4.074 0 74
4.074 0 74
4.074 0 74
4.074 0 74
4.085 0 74
4.085 0 74
4.085 0 74
4.097 0 74
4.097 0 74
4.097 974 72
4.108 975 72
4.108 973 72
4.108 973 72
4.120 974 72
4.132 974 72
4.132 975 72
4.132 974 72
4.132 971 72
4.143 974 72
4.143 974 72
4.143 973 72
4.143 972 72
4.155 974 72
4.155 975 72
4.167 974 72
4.167 974 72
4.167 972 72
4.178 972 72
4.178 975 72
4.178 975 72
4.190 973 72
4.190 971 72
4.190 974 72
4.201 975 72
4.201 0 72
4.213 0 72
4.213 1 72
4.213 0 72
4.213 0 72
4.225 0 72
4.225 0 72
4.236 0 72
4.236 0 72
4.236 0 72
4.248 0 72
4.248 0 72
4.248 1 72
4.248 0 72
4.259 0 72
4.259 0 72
4.271 0 72
4.271 0 72
4.271 0 72
4.283 0 72
4.283 0 72
4.283 0 72
4.294 0 72
4.294 0 72
4.306 0 72
4.306 0 72
4.306 2 72
4.316 0 72
4.317 0 72
4.317 0 72
4.317 0 72
4.329 1 72
4.329 0 72
4.329 0 72
4.341 0 72
4.341 0 72
4.352 0 72
4.352 0 72
4.352 0 72
4.352 0 72
4.364 0 72
4.364 0 72
4.376 0 72
4.376 0 72
4.376 0 72
4.387 0 72
4.387 0 72
4.387 0 72
4.399 0 72
4.399 0 72
4.399 0 72
4.399 0 72
4.410 0 72
4.410 0 72
4.422 0 72
4.422 1 72
4.422 0 72
4.434 0 72
4.434 0 72
4.434 0 72
4.445 0 72
4.445 0 72
4.445 0 72
4.457 0 72
4.457 0 72
4.468 0 72
4.468 0 72
4.468 0 72
4.468 0 72
4.480 1 72
4.480 0 72
4.492 0 72
4.492 0 72
4.492 1 72
4.503 0 72
4.503 0 72
4.503 0 72
4.503 0 72
4.515 0 72
4.515 1 72
4.526 0 72
4.526 0 72
4.526 0 72
4.538 0 72
4.538 0 72
4.538 0 72
4.550 0 72
4.550 0 72
4.550 0 72
4.561 0 72
4.561 0 72
4.561 0 72
4.573 1 72
4.573 0 72
4.573 0 72
4.584 0 72
4.584 0 72
4.584 1 72
4.596 0 72
4.596 0 72
4.608 0 72
4.608 0 72
4.608 0 72
4.608 0 72
4.619 0 72
4.619 0 72
4.631 0 72
4.631 0 72
4.631 0 72
4.643 0 72
4.643 0 72
4.643 0 72
4.654 0 72
4.654 0 72
4.666 0 72
4.666 0 72
4.666 1 72
4.666 0 72
4.677 0 72
4.677 0 72
4.677 0 72
4.689 0 72
4.689 1 72
4.701 0 72
4.701 0 72
4.701 0 72
4.701 1 72
4.712 0 72
4.712 0 72
4.724 0 72
4.724 0 72
4.724 0 72
4.728 0 72
4.735 0 72
4.735 0 72
4.747 0 72
4.747 0 72
4.747 0 72
4.747 0 72
4.759 0 72
4.759 1 72
4.759 0 72
4.770 0 72
4.770 0 72
4.782 0 72
4.782 0 72
4.782 0 72
4.793 0 72
4.793 0 72
4.793 0 72
4.805 0 72
4.805 0 72
4.805 0 72
4.817 0 72
4.817 0 72
4.828 0 72
4.828 0 72
4.828 0 72
4.828 0 72
4.840 0 72
4.840 0 72
4.852 0 72
4.852 0 72
4.852 0 72
4.863 0 72
4.863 0 72
4.863 0 72
4.875 0 72
4.875 0 72
4.875 1 72
4.875 0 72
4.886 0 72
4.886 0 72
4.898 0 72
4.898 0 72
4.898 0 72
4.910 0 72
4.910 0 72
4.910 0 72
4.921 0 72
4.921 0 72
4.933 0 72
4.933 0 72
4.933 1 72
4.933 0 72
4.944 0 72
4.944 974 66
4.956 974 66
4.956 974 66
4.956 975 66
4.968 974 66
4.968 974 66
4.968 971 66
4.979 974 66
4.979 975 66
4.979 975 66
4.979 974 66
4.991 971 66
4.991 971 66
5.002 974 66
5.002 975 66
5.002 973 66
5.014 972 66
5.014 974 66
5.014 974 66
5.026 975 66
5.026 974 66
5.026 973 66
5.037 973 66
5.037 974 66
5.037 973 66
5.049 972 66
5.049 0 66
5.049 0 66
5.060 0 66
5.060 0 66
5.072 0 66
5.072 1 66
5.072 0 66
5.072 0 66
5.084 0 66
5.084 0 66
5.095 0 66
5.095 0 66
5.095 0 66
5.107 0 66
5.107 1 66
5.107 0 66
5.119 0 66
5.119 0 66
5.119 0 66
5.130 0 66
5.130 0 66
5.130 0 66
5.142 0 66
5.142 0 66
5.142 0 66
5.153 0 66
5.153 0 66
5.153 0 66
5.165 0 66
5.165 0 66
5.177 0 66
5.177 0 66
5.177 0 66
5.177 0 66
5.188 0 66
5.188 0 66
5.200 0 66
5.200 0 66
5.200 1 66
5.211 0 66
5.211 0 66
5.211 0 66
5.223 2 66
5.223 0 66
5.223 0 66
5.223 0 66
5.235 0 66
5.235 0 66
5.246 0 66
5.246 0 66
5.246 0 66
5.258 0 66
5.258 0 66
5.258 0 66
5.269 0 66
5.269 0 66
5.269 0 66
5.281 0 66
5.281 0 66
5.281 0 66
5.293 0 66
5.293 0 66
5.304 0 66
5.304 0 66
5.304 0 66
5.304 0 66
5.316 1 66
5.316 0 66
5.316 0 66
5.328 0 66
5.328 0 66
5.339 0 66
5.339 0 66
5.339 0 66
5.351 0 66
5.351 0 66
5.351 0 66
5.362 0 66
5.362 0 66
5.362 0 66
5.362 0 66
5.374 0 66
5.374 0 66
5.386 0 66
5.386 0 66
5.387 1 66
5.397 0 66
5.397 0 66
5.397 0 66
5.409 0 66
5.409 0 66
5.420 0 66
5.420 0 66
5.420 0 66
5.420 0 66
5.432 2 66
5.432 0 66
5.444 0 66
5.444 0 66
5.444 0 66
5.455 0 66
5.455 0 66
5.455 0 66
5.467 0 66
5.467 0 66
5.467 0 66
5.467 0 66
5.478 0 66
5.478 0 66
5.490 1 66
5.490 0 66
5.490 0 66
5.502 0 66
5.502 0 66
5.502 0 66
5.513 0 66
5.513 0 66
5.513 0 66
5.525 0 66
5.525 1 66
5.525 0 66
5.537 0 66
5.537 0 66
5.537 0 66
5.548 0 66
5.548 0 66
5.560 0 66
5.560 0 66
5.560 1 66
5.560 0 66
5.571 0 66
5.571 0 66
5.571 0 66
5.583 2 66
5.583 0 66
5.595 0 66
5.595 0 66
5.595 0 66
5.606 1 66
5.606 0 66
5.606 0 66
5.618 0 66
5.618 0 66
5.618 0 66
5.629 0 66
5.629 0 66
5.641 0 66
5.641 0 66
5.641 0 66
5.641 0 66
5.653 0 66
5.653 0 66
5.664 0 66
5.664 0 66
5.664 0 66
5.664 0 66
5.676 0 66
5.676 1 66
5.676 0 66
5.687 0 66
5.687 0 66
5.699 0 66
5.699 1 66
5.699 0 66
5.711 0 66
5.711 0 66
5.711 0 66
5.722 0 66
5.722 0 66
5.722 0 66
5.722 0 66
5.734 0 66
5.734 0 66
5.745 0 66
5.745 0 66
5.745 0 66
5.757 1 66
5.757 973 71
5.757 974 71
5.769 973 71
5.769 971 71
5.780 975 71
5.780 975 71
5.780 974 71
5.780 974 71
5.792 970 71
5.792 973 71
5.804 975 71
5.804 975 71
5.804 974 71
5.804 971 71
5.815 974 71
5.815 975 71
5.827 975 71
5.827 973 71
5.827 972 71
5.838 974 71
5.838 974 71
5.838 975 71
5.850 974 71
5.850 974 71
5.850 974 71
5.862 0 71
5.862 0 71
5.862 0 71
5.873 0 71
5.873 0 71
5.885 0 71
5.885 0 71
5.885 0 71
5.885 1 71
5.896 0 71
5.896 0 71
5.908 0 71
5.908 0 71
5.908 0 71
5.920 0 71
5.920 0 71
5.920 0 71
5.931 1 71
5.931 0 71
5.931 0 71
5.931 0 71
5.943 2 71
5.943 0 71
5.954 0 71
5.954 0 71
5.966 0 71
5.966 0 71
5.966 1 71
5.966 0 71
5.966 0 71
5.978 0 71
5.978 1 71
5.989 0 71
5.989 0 71
6.001 0 71
6.001 0 71
6.001 0 71
6.001 0 71
6.013 0 71
6.013 0 71
6.024 0 71
6.024 0 71
6.024 0 71
6.036 0 71
6.036 0 71
6.036 1 71
6.047 0 71
6.047 0 71
6.047 0 71
6.059 0 71
6.059 0 71
6.059 1 71
6.071 0 71
6.071 0 71
6.071 0 71
6.082 0 71
6.082 0 71
6.082 0 71
6.094 0 71
6.094 0 71
6.094 0 71
6.105 0 71
6.105 0 71
6.105 0 71
6.117 1 71
6.117 0 71
6.129 0 71
6.129 0 71
6.129 0 71
6.129 1 71
6.140 0 71
6.140 0 71
6.140 0 71
6.152 0 71
6.152 1 71
6.163 0 71
6.163 0 71
6.163 0 71
6.163 0 71
6.175 0 71
6.175 0 71
6.175 0 71
6.187 0 71
6.187 0 71
6.198 0 71
6.198 0 71
6.198 0 71
6.210 0 71
6.210 1 71
6.210 0 71
6.221 0 71
6.221 0 71
6.233 0 71
6.233 0 71
6.233 0 71
6.233 0 71
6.245 0 71
6.245 0 71
6.245 1 71
6.256 0 71
6.256 0 71
6.268 0 71
6.268 0 71
6.268 0 71
6.268 0 71
6.280 0 71
6.280 0 71
6.291 0 71
6.291 0 71
6.291 0 71
6.291 0 71
6.303 0 71
6.303 2 71
6.314 0 71
6.314 0 71
6.314 0 71
6.326 1 71
6.326 0 71
6.326 0 71
6.338 0 71
6.338 0 71
6.338 0 71
6.349 1 71
6.349 0 71
6.349 0 71
6.361 0 71
6.361 0 71
6.372 0 71
6.372 0 71
6.372 0 71
6.372 0 71
6.384 0 71
6.384 0 71
6.396 0 71
6.396 0 71
6.396 0 71
6.407 1 71
6.407 0 71
6.407 0 71
6.407 0 71
6.419 0 71
6.419 1 71
6.430 0 71
6.430 0 71
6.430 0 71
6.442 0 71
6.442 0 71
6.442 0 71
6.454 0 71
6.454 0 71
6.454 0 71
6.465 0 71
6.465 0 71
6.477 0 71
6.477 0 71
6.477 0 71
6.477 0 71
6.489 0 71
6.489 0 71
6.500 1 71
6.500 0 71
6.500 0 71
6.500 0 71
6.512 0 71
6.512 0 71
6.523 1 71
6.523 0 71
6.523 0 71
6.523 0 71
6.535 0 71
6.535 0 71
6.547 0 71
6.547 0 71
6.547 0 71
6.558 0 71
6.558 0 71
6.558 0 71
6.570 0 71
6.570 0 71
6.581 1 71
6.581 0 71
6.581 0 71
6.581 0 71
6.593 1 71
6.593 975 73
6.593 975 73
6.605 974 73
6.605 974 73
6.616 971 73
6.616 973 73
6.616 974 73
6.616 975 73
6.628 972 73
6.628 971 73
6.639 974 73
6.639 974 73
6.639 974 73
6.651 973 73
6.651 973 73
6.651 974 73
6.651 974 73
6.663 973 73
6.663 974 73
6.663 974 73
6.674 975 73
6.674 974 73
6.686 974 73
6.686 971 73
6.686 974 73
6.698 0 73
6.698 0 73
6.698 0 73
6.709 1 73
6.709 0 73
6.709 0 73
6.721 0 73
6.721 0 73
6.732 0 73
6.732 0 73
6.732 0 73
6.732 0 73
6.744 0 73
6.744 0 73
6.756 0 73
6.756 0 73
6.756 0 73
6.767 1 73
6.767 0 73
6.767 0 73
6.779 0 73
6.779 0 73
6.779 0 73
6.790 1 73
6.790 0 73
6.790 0 73
6.802 0 73
6.802 0 73
6.802 0 73
6.814 0 73
6.814 0 73
6.814 0 73
6.825 0 73
6.825 0 73
6.825 0 73
6.837 0 73
6.837 0 73
6.848 0 73
6.848 0 73
6.848 0 73
6.860 0 73
6.860 1 73
6.860 0 73
6.872 0 73
6.872 0 73
6.872 0 73
6.872 1 73
6.883 0 73
6.883 0 73
6.895 0 73
6.895 0 73
6.895 0 73
6.906 0 73
6.906 0 73
6.918 0 73
6.918 0 73
6.918 0 73
6.930 0 73
6.930 0 73
6.930 0 73
6.930 1 73
6.941 0 73
6.941 0 73
6.941 0 73
6.953 0 73
6.953 1 73
6.953 0 73
6.965 0 73
6.965 0 73
6.976 0 73
6.976 1 73
6.976 0 73
6.976 0 73
6.988 0 73
6.988 0 73
6.999 0 73
6.999 0 73
6.999 0 73
7.011 0 73
7.011 0 73
7.011 0 73
7.011 0 73
7.023 0 73
7.023 0 73
7.034 1 73
7.034 0 73
7.034 0 73
7.046 0 73
7.046 0 73
7.046 0 73
7.057 0 73
7.057 0 73
7.057 0 73
7.069 0 73
7.069 1 73
7.069 0 73
7.081 0 73
7.081 0 73
7.092 0 73
7.092 0 73
7.092 0 73
7.104 0 73
7.104 0 73
7.104 0 73
7.104 0 73
7.115 0 73
7.115 0 73
7.127 0 73
7.127 1 73
7.127 0 73
7.127 0 73
7.139 0 73
7.139 0 73
7.150 0 73
7.150 0 73
7.150 0 73
7.162 0 73
7.162 0 73
7.162 0 73
7.174 0 73
7.174 0 73
7.185 0 73
7.185 0 73
7.185 0 73
7.185 0 73
7.197 0 73
7.197 0 73
7.208 0 73
7.208 0 73
7.208 0 73
7.220 0 73
7.220 1 73
7.220 0 73
7.232 0 73
7.232 0 73
7.232 0 73
7.232 0 73
7.243 0 73
7.243 0 73
7.255 0 73
7.255 0 73
7.255 0 73
7.255 0 73
7.266 0 73
7.266 0 73
7.278 0 73
7.278 0 73
7.278 0 73
7.290 0 73
7.290 0 73
7.290 0 73
7.301 1 73
7.301 0 73
7.313 0 73
7.313 0 73
7.313 1 73
7.324 0 73
7.324 0 73
7.324 0 73
7.324 0 73
7.336 0 73
7.336 1 73
7.348 0 73
7.348 0 73
7.348 0 73
7.359 0 73
7.359 0 73
7.359 0 73
7.371 0 73
7.371 0 73
7.371 0 73
7.371 974 71
7.382 974 71
7.382 973 71
7.394 974 71
7.394 974 71
7.394 974 71
7.406 974 71
7.406 974 71
7.406 972 71
7.417 974 71
7.417 975 71
7.429 974 71
7.429 974 71
7.429 973 71
7.429 975 71
7.441 975 71
7.441 974 71
7.452 972 71
7.452 971 71
7.452 975 71
7.452 975 71
7.464 975 71
7.464 972 71
7.475 973 71
7.475 974 71
7.475 0 71
7.487 0 71
7.487 1 71
7.487 0 71
7.499 0 71
7.499 0 71
7.499 0 71
7.510 0 71
7.510 1 71
7.510 0 71
7.510 0 71
7.522 0 71
7.522 1 71
7.533 0 71
7.533 0 71
7.533 0 71
7.545 0 71
7.545 0 71
7.545 0 71
7.557 0 71
7.557 0 71
7.557 1 71
7.568 0 71
7.568 0 71
7.580 0 71
7.580 0 71
7.580 2 71
7.580 0 71
7.591 0 71
7.591 0 71
7.591 0 71
7.603 1 71
7.603 0 71
7.615 0 71
7.615 0 71
7.615 0 71
7.626 0 71
7.626 0 71
7.626 0 71
7.626 0 71
7.638 0 71
7.638 0 71
7.650 0 71
7.650 0 71
7.650 0 71
7.661 1 71
7.661 0 71
7.661 0 71
7.673 0 71
7.673 0 71
7.684 1 71
7.684 0 71
7.684 0 71
7.684 0 71
7.696 0 71
7.696 1 71
7.696 0 71
7.708 0 71
7.708 0 71
7.719 0 71
7.719 0 71
7.719 0 71
7.731 0 71
7.731 0 71
7.731 0 71
7.731 0 71
7.742 0 71
7.742 0 71
7.754 0 71
7.754 2 71
7.754 0 71
7.766 0 71
7.766 0 71
7.777 0 71
7.777 0 71
7.777 0 71
7.777 0 71
7.789 0 71
7.789 0 71
7.800 1 71
7.800 0 71
7.800 0 71
7.812 0 71
7.812 0 71
7.812 0 71
7.812 0 71
7.824 0 71
7.824 0 71
7.835 0 71
7.835 0 71
7.835 0 71
7.847 0 71
7.847 0 71
7.847 1 71
7.859 0 71
7.859 0 71
7.859 0 71
7.870 0 71
7.870 0 71
7.882 0 71
7.882 0 71
7.882 0 71
7.882 0 71
7.893 1 71
7.893 0 71
7.905 0 71
7.905 0 71
7.905 0 71
7.917 0 71
7.917 0 71
7.917 0 71
7.917 0 71
7.928 1 71
7.928 0 71
7.928 0 71
7.940 0 71
7.940 1 71
7.951 0 71
7.951 0 71
7.951 0 71
7.963 0 71
7.963 0 71
7.963 1 71
7.963 0 71
7.975 0 71
7.975 0 71
7.986 0 71
7.986 0 71
7.986 0 71
7.998 0 71
7.998 0 71
7.998 0 71
8.009 0 71
8.009 0 71
8.009 0 71
8.021 0 71
8.021 0 71
8.021 0 71
8.033 0 71
8.033 0 71
8.044 2 71
8.044 0 71
8.044 0 71
8.044 0 71
8.056 0 71
8.056 0 71
8.056 1 71
8.067 0 71
8.067 0 71
8.079 0 71
8.079 1 71
8.079 0 71
8.091 0 71
8.091 0 71
8.091 0 71
8.091 0 71
8.102 0 71
8.102 0 71
8.114 0 71
8.114 1 71
8.114 0 71
8.126 0 71
8.126 0 71
8.126 0 71
8.137 1 71
8.137 0 71
8.149 0 71
8.149 0 71
8.149 0 71
8.149 1 71
8.160 0 71
8.160 0 71
8.160 0 71
8.172 0 71
8.172 0 71
8.172 0 71
8.184 0 71
8.184 0 71
8.195 0 71
8.195 0 71
8.195 974 76
8.207 975 76
8.207 974 76
8.207 973 76
8.218 973 76
8.218 974 76
8.218 974 76
8.230 975 76
8.230 971 76
8.230 973 76
8.242 974 76
8.242 973 76
8.242 970 76
8.253 973 76
8.253 975 76
8.265 975 76
8.265 974 76
8.265 972 76
8.276 971 76
8.276 975 76
8.276 975 76
8.288 973 76
8.288 970 76
8.288 973 76
8.288 975 76
8.300 0 76
8.300 0 76
8.311 2 76
8.311 0 76
8.311 0 76
8.311 0 76
8.323 0 76
8.323 0 76
8.335 0 76
8.335 0 76
8.335 0 76
8.346 0 76
8.346 1 76
8.346 0 76
8.358 0 76
8.358 0 76
8.358 0 76
8.369 0 76
8.369 0 76
8.381 0 76
8.381 0 76
8.381 1 76
8.381 0 76
8.393 0 76
8.393 0 76
8.404 0 76
8.404 1 76
8.404 0 76
8.404 0 76
8.416 0 76
8.416 0 76
8.427 1 76
8.427 0 76
8.427 0 76
8.439 0 76
8.439 0 76
8.439 0 76
8.439 0 76
8.451 0 76
8.451 0 76
8.462 0 76
8.462 0 76
8.462 0 76
8.474 0 76
8.474 0 76
8.474 0 76
8.485 0 76
8.485 0 76
8.497 0 76
8.497 0 76
8.497 0 76
8.497 0 76
8.509 0 76
8.509 0 76
8.509 0 76
8.520 1 76
8.520 0 76
8.532 0 76
8.532 0 76
8.532 0 76
8.532 0 76
8.543 0 76
8.543 0 76
8.543 0 76
8.555 0 76
8.555 0 76
8.567 0 76
8.567 0 76
8.567 0 76
8.578 1 76
8.578 0 76
8.580 0 76
8.590 0 76
8.590 1 76
8.590 0 76
8.602 0 76
8.602 0 76
8.602 0 76
8.613 0 76
8.613 1 76
8.613 0 76
8.625 0 76
8.625 0 76
8.636 0 76
8.636 0 76
8.636 0 76
8.648 0 76
8.648 0 76
8.648 0 76
8.660 0 76
8.660 0 76
8.660 0 76
8.660 2 76
8.671 0 76
8.671 0 76
8.683 0 76
8.683 0 76
8.683 0 76
8.694 0 76
8.694 0 76
8.694 0 76
8.706 0 76
8.706 0 76
8.706 0 76
8.718 0 76
8.718 0 76
8.718 0 76
8.729 0 76
8.729 0 76
8.729 0 76
8.741 0 76
8.741 0 76
8.741 0 76
8.752 0 76
8.752 0 76
8.764 0 76
8.764 2 76
8.764 0 76
8.764 0 76
8.776 0 76
8.776 0 76
8.787 0 76
8.787 1 76
8.787 0 76
8.799 0 76
8.799 0 76
8.799 1 76
8.799 0 76
8.811 0 76
8.811 0 76
8.822 0 76
8.822 0 76
8.822 0 76
8.834 0 76
8.834 0 76
8.845 0 76
8.845 0 76
8.845 0 76
8.845 0 76
8.857 0 76
8.857 1 76
8.857 0 76
8.869 0 76
8.869 0 76
8.869 0 76
8.880 0 76
8.880 0 76
8.892 0 76
8.892 0 76
8.892 0 76
8.903 0 76
8.903 0 76
8.903 0 76
8.915 0 76
8.915 0 76
8.915 0 76
8.927 0 76
8.927 0 76
8.927 0 76
8.938 1 76
8.938 0 76
8.938 0 76
8.950 0 76
8.950 0 76
8.950 1 76
8.961 0 76
8.961 0 76
8.961 0 76
8.973 0 76
8.973 1 76
8.973 0 76
8.985 0 76
8.985 0 76
8.996 0 76
8.996 0 76
8.996 0 76
8.996 0 76
9.008 0 76
9.008 0 76
9.020 0 76
9.020 0 76
9.020 0 76
9.031 0 76
9.031 1 76
9.031 0 76
9.031 0 76
9.043 0 76
9.043 0 76
9.054 0 76
9.054 0 76
9.054 0 76
9.066 0 76
9.066 0 76
9.066 974 73
9.078 975 73
9.078 975 73
9.089 974 73
9.089 972 73
9.089 971 73
9.089 974 73
9.101 975 73
9.101 973 73
9.101 973 73
9.112 974 73
9.112 974 73
9.112 975 73
9.124 974 73
9.124 973 73
9.136 973 73
9.136 974 73
9.136 973 73
9.136 972 73
9.147 974 73
9.147 974 73
9.159 974 73
9.159 974 73
9.159 971 73
9.170 973 73
9.170 0 73
9.182 0 73
9.182 0 73
9.182 0 73
9.182 0 73
9.194 0 73
9.194 0 73
9.194 0 73
9.205 0 73
9.205 0 73
9.217 0 73
9.217 0 73
9.217 0 73
9.217 0 73
9.228 0 73
9.228 0 73
9.240 0 73
9.240 0 73
9.240 1 73
9.252 0 73
9.252 0 73
9.252 0 73
9.252 0 73
9.263 0 73
9.263 0 73
9.275 0 73
9.275 0 73
9.275 0 73
9.287 0 73
9.287 0 73
9.287 0 73
9.298 0 73
9.298 1 73
9.298 0 73
9.310 0 73
9.310 0 73
9.321 1 73
9.321 0 73
9.321 0 73
9.321 0 73
9.333 0 73
9.333 0 73
9.333 1 73
9.345 0 73
9.345 0 73
9.356 0 73
9.356 0 73
9.356 0 73
9.356 0 73
9.368 0 73
9.368 0 73
9.379 0 73
9.379 0 73
9.379 0 73
9.379 0 73
9.391 0 73
9.391 0 73
9.403 0 73
9.403 0 73
9.403 0 73
9.414 1 73
9.414 0 73
9.426 0 73
9.426 0 73
9.426 0 73
9.437 0 73
9.437 0 73
9.437 0 73
9.437 0 73
9.449 0 73
9.449 0 73
9.461 0 73
9.461 0 73
9.461 0 73
9.461 0 73
9.472 1 73
9.472 0 73
9.484 0 73
9.484 0 73
9.484 1 73
9.484 0 73
9.496 0 73
9.496 0 73
9.507 0 73
9.507 0 73
9.507 1 73
9.519 0 73
9.519 0 73
9.519 0 73
9.530 1 73
9.530 0 73
9.542 0 73
9.542 0 73
9.542 0 73
9.542 0 73
9.554 0 73
9.554 0 73
9.565 0 73
9.565 0 73
9.565 0 73
9.565 0 73
9.577 0 73
9.577 0 73
9.577 2 73
9.588 0 73
9.623 0 73
