timestamp POX HR POX_STATUS EDA EDA_FILTER EDA_PHASIC EDA_TONIC EDA_STATUS
0.001 0 64
0.007 0 64
0.009 0 64
0.013 0 64
0.017 0 64
0.021 0 64
0.025 0 64
0.029 0 64
0.033 0 64
0.037 0 64
0.041 0 64
0.045 0 64
0.049 0 64
0.053 0 64
0.057 1 64
0.061 0 64
0.065 0 64
0.069 0 64
0.073 0 64
0.077 0 64
0.081 1 64
0.085 0 64
0.089 0 64
0.093 0 64
0.097 0 64
0.101 0 64
0.105 0 64
0.109 0 64
0.113 0 64
0.117 0 64
0.121 0 64
0.125 0 64
0.129 0 64
0.134 0 64
0.138 0 64
0.141 0 64
0.145 0 64
0.149 0 64
0.153 1 64
0.157 0 64
0.161 0 64
0.165 0 64
0.169 0 64
0.173 0 64
0.177 1 64
0.181 0 64
0.185 0 64
0.189 0 64
0.193 0 64
0.197 0 64
0.201 0 64
0.206 0 64
0.209 0 64
0.213 0 64
0.217 0 64
0.221 0 64
0.225 0 64
0.230 1 64
0.233 0 64
0.237 0 64
0.241 0 64
0.245 0 64
0.250 0 64
0.253 0 64
0.257 0 64
0.261 0 64
0.266 0 64
0.269 1 64
0.273 0 64
0.277 0 64
0.281 0 64
0.285 0 64
0.289 0 64
0.293 0 64
0.298 0 64
0.301 0 64
0.305 0 64
0.309 0 64
0.313 0 64
0.317 0 64
0.321 0 64
0.325 1 64
0.329 0 64
0.333 0 64
0.337 0 64
0.341 0 64
0.345 0 64
0.349 0 64
0.355 0 64
0.358 0 64
0.361 0 64
0.366 1 64
0.369 0 64
0.373 0 64
0.377 0 64
0.381 0 64
0.385 0 64
0.389 0 64
0.393 0 64
0.397 0 64
0.401 1 64
0.406 0 64
0.409 0 64
0.414 974 66
0.419 973 66
0.423 972 66
0.425 974 66
0.429 975 66
0.433 974 66
0.437 971 66
0.441 974 66
0.445 975 66
0.449 975 66
0.453 974 66
0.457 971 66
0.461 971 66
0.465 974 66
0.469 975 66
0.473 975 66
0.477 972 66
0.481 974 66
0.485 974 66
0.490 974 66
0.493 974 66
0.497 973 66
0.501 974 66
0.505 974 66
0.510 974 66
0.513 0 66
0.517 1 66
0.522 0 66
0.526 0 66
0.531 0 66
0.535 0 66
0.540 1 66
0.543 0 66
0.545 0 66
0.551 0 66
0.555 0 66
0.560 0 66
0.563 0 66
0.565 0 66
0.571 0 66
0.575 0 66
0.580 0 66
0.582 0 66
0.587 0 66
0.591 0 66
0.595 1 66
0.599 0 66
0.603 0 66
0.607 0 66
0.611 0 66
0.615 0 66
0.619 0 66
0.623 0 66
0.626 0 66
0.631 0 66
0.635 1 66
0.639 0 66
0.643 0 66
0.647 0 66
0.651 0 66
0.655 0 66
0.658 0 66
0.663 0 66
0.667 0 66
0.672 0 66
0.675 0 66
0.679 0 66
0.683 0 66
0.687 0 66
0.691 1 66
0.695 0 66
0.699 0 66
0.703 0 66
0.707 0 66
0.711 0 66
0.715 0 66
0.719 0 66
0.723 0 66
0.727 0 66
0.731 1 66
0.735 0 66
0.739 0 66
0.743 0 66
0.747 0 66
0.751 0 66
0.754 0 66
0.759 0 66
0.764 0 66
0.768 0 66
0.771 0 66
0.775 0 66
0.779 0 66
0.783 2 66
0.787 0 66
0.791 0 66
0.795 0 66
0.799 0 66
0.803 0 66
0.807 1 66
0.811 0 66
0.815 0 66
0.819 0 66
0.823 1 66
0.827 0 66
0.831 0 66
0.835 0 66
0.839 0 66
0.843 0 66
0.847 0 66
0.851 0 66
0.855 0 66
0.859 0 66
0.863 1 66
0.867 0 66
0.871 0 66
0.875 0 66
0.879 1 66
0.883 0 66
0.887 0 66
0.891 0 66
0.895 0 66
0.899 0 66
0.903 1 66
0.905 0 66
0.911 0 66
0.915 0 66
0.919 0 66
0.920 0 66
0.925 0 66
0.929 0 66
0.933 0 66
0.937 0 66
0.941 0 66
0.945 0 66
0.949 0 66
0.953 0 66
0.957 0 66
0.961 0 66
0.965 0 66
0.969 0 66
0.973 1 66
0.977 0 66
0.981 0 66
0.985 0 66
0.989 0 66
0.993 1 66
0.997 0 66
1.001 0 66
1.005 0 66
1.009 0 66
1.013 0 66
1.017 0 66
1.021 0 66
1.025 0 66
1.029 0 66
1.033 0 66
1.037 0 66
1.041 0 66
1.045 0 66
1.049 1 66
1.053 0 66
1.057 0 66
1.061 0 66
1.065 0 66
1.069 0 66
1.073 0 66
1.077 0 66
1.081 0 66
1.085 0 66
1.089 1 66
1.093 0 66
1.097 0 66
1.101 0 66
1.105 0 66
1.109 0 66
1.113 0 66
1.117 0 66
1.121 0 66
1.125 0 66
1.129 0 66
1.133 0 66
1.137 0 66
1.141 0 66
1.145 1 66
1.149 0 66
1.153 0 66
1.157 0 66
1.161 0 66
1.165 0 66
1.169 0 66
1.173 0 66
1.177 0 66
1.181 0 66
1.185 0 66
1.189 0 66
1.193 0 66
1.197 0 66
1.201 0 66
1.205 0 66
1.209 0 66
1.213 0 66
1.217 0 66
1.221 0 66
1.225 0 66
1.229 0 66
1.233 0 66
1.237 0 66
1.241 1 66
1.245 0 66
1.249 0 66
1.253 0 66
1.257 0 66
1.261 1 66
1.265 0 66
1.269 0 66
1.273 0 66
1.277 0 66
1.281 0 66
1.285 0 66
1.289 0 66
1.293 0 66
1.297 0 66
1.301 0 66
1.305 0 66
1.309 0 66
1.313 0 66
1.317 1 66
1.321 0 66
1.325 974 66
1.329 974 66
1.333 971 66
1.337 974 66
1.341 975 66
1.345 974 66
1.349 974 66
1.353 970 66
1.357 973 66
1.361 975 66
1.365 975 66
1.369 974 66
1.373 971 66
1.377 974 66
1.381 975 66
1.385 975 66
1.389 972 66
1.393 971 66
1.397 974 66
1.401 975 66
1.405 975 66
1.409 974 66
1.413 973 66
1.417 974 66
1.421 974 66
1.425 0 66
1.429 1 66
1.433 0 66
1.437 0 66
1.441 0 66
1.445 0 66
1.449 0 66
1.453 1 66
1.457 0 66
1.461 0 66
1.465 0 66
1.469 0 66
1.473 0 66
1.477 0 66
1.481 0 66
1.485 0 66
1.489 0 66
1.493 0 66
1.497 0 66
1.501 0 66
1.505 1 66
1.509 0 66
1.513 0 66
1.517 0 66
1.521 0 66
1.525 0 66
1.529 1 66
1.533 0 66
1.537 0 66
1.541 0 66
1.545 1 66
1.549 0 66
1.553 0 66
1.558 0 66
1.561 0 66
1.565 0 66
1.569 0 66
1.573 0 66
1.577 0 66
1.581 0 66
1.585 0 66
1.589 0 66
1.593 0 66
1.598 0 66
1.602 2 66
1.605 0 66
1.609 0 66
1.613 0 66
1.617 0 66
1.621 0 66
1.626 0 66
1.629 0 66
1.633 0 66
1.637 0 66
1.641 0 66
1.645 0 66
1.649 0 66
1.654 0 66
1.657 0 66
1.661 0 66
1.665 0 66
1.669 0 66
1.673 0 66
1.677 0 66
1.681 0 66
1.685 0 66
1.689 0 66
1.693 0 66
1.697 1 66
1.701 0 66
1.705 0 66
1.710 0 66
1.713 0 66
1.717 1 66
1.721 0 66
1.726 0 66
1.730 0 66
1.733 0 66
1.737 0 66
1.742 0 66
1.746 0 66
1.749 0 66
1.753 0 66
1.757 0 66
1.761 0 66
1.765 0 66
1.770 0 66
1.774 1 66
1.778 0 66
1.782 0 66
1.785 0 66
1.789 0 66
1.794 1 66
1.797 0 66
1.801 0 66
1.805 0 66
1.809 0 66
1.813 1 66
1.818 0 66
1.822 0 66
1.825 0 66
1.829 0 66
1.834 0 66
1.838 0 66
1.842 0 66
1.845 0 66
1.849 0 66
1.853 0 66
1.857 0 66
1.861 0 66
1.866 0 66
1.870 1 66
1.874 0 66
1.879 0 66
1.882 0 66
1.886 0 66
1.890 0 66
1.895 0 66
1.899 0 66
1.902 0 66
