timestamp POX HR POX_STATUS EDA EDA_FILTER EDA_PHASIC EDA_TONIC EDA_STATUS
0.010 0 64
0.022 0 64
0.022 0 64
0.022 0 64
0.022 0 64
0.022 0 64
0.033 0 64
0.033 0 64
0.045 0 64
0.045 0 64
0.045 0 64
0.057 0 64
0.057 0 64
0.057 0 64
0.057 0 64
0.068 0 64
0.068 0 64
0.080 0 64
0.080 0 64
0.080 1 64
0.080 0 64
0.091 0 64
0.091 0 64
0.103 1 64
0.103 0 64
0.103 0 64
0.115 0 64
0.115 0 64
0.115 0 64
0.115 1 64
0.126 0 64
0.126 0 64
0.138 0 64
0.138 0 64
0.138 0 64
0.149 0 64
0.149 0 64
0.161 0 64
0.161 0 64
0.161 0 64
0.161 0 64
0.173 0 64
0.173 1 64
0.173 0 64
0.184 0 64
0.184 0 64
0.196 0 64
0.196 1 64
0.196 0 64
0.196 0 64
0.208 0 64
0.208 0 64
0.219 1 64
0.219 0 64
0.219 0 64
0.219 0 64
0.231 0 64
0.231 0 64
0.242 0 64
0.242 0 64
0.242 0 64
0.254 0 64
0.254 0 64
0.254 0 64
0.266 0 64
0.266 0 64
0.266 1 64
0.277 0 64
0.277 0 64
0.289 0 64
0.289 0 64
0.289 0 64
0.289 1 64
0.300 0 64
0.300 0 64
0.300 0 64
0.312 1 64
0.312 0 64
0.324 0 64
0.324 0 64
0.324 0 64
0.324 0 64
0.335 0 64
0.335 0 64
0.347 0 64
0.347 0 64
0.347 975 70
0.347 975 70
0.358 975 70
0.358 973 70
0.370 972 70
0.370 973 70
0.370 975 70
0.382 975 70
0.382 974 70
0.382 974 70
0.393 974 70
0.393 975 70
0.393 975 70
0.405 972 70
0.405 971 70
0.417 974 70
0.417 974 70
0.417 975 70
0.417 973 70
0.428 975 70
0.428 974 70
0.440 974 70
0.440 973 70
0.440 974 70
0.451 975 70
0.451 0 70
0.451 0 70
0.463 0 70
0.463 1 70
0.463 0 70
0.475 0 70
0.475 0 70
0.475 0 70
0.486 1 70
0.486 0 70
0.486 0 70
0.498 0 70
0.498 0 70
0.498 0 70
0.509 0 70
0.509 0 70
0.509 0 70
0.521 0 70
0.521 0 70
0.521 0 70
0.533 0 70
0.533 0 70
0.544 2 70
0.544 0 70
0.544 0 70
0.544 0 70
0.556 1 70
0.556 0 70
0.556 0 70
0.567 0 70
0.567 0 70
0.579 0 70
0.579 1 70
0.579 0 70
0.591 0 70
0.591 0 70
0.591 0 70
0.602 0 70
0.602 0 70
0.602 0 70
0.614 0 70
0.614 0 70
0.614 0 70
0.614 0 70
0.625 0 70
0.625 0 70
0.637 1 70
0.637 0 70
0.637 0 70
0.649 0 70
0.649 0 70
0.649 0 70
0.660 0 70
0.660 0 70
0.672 0 70
0.672 0 70
0.672 1 70
0.672 0 70
0.684 0 70
0.684 0 70
0.695 0 70
0.695 0 70
0.695 0 70
0.707 0 70
0.707 0 70
0.707 0 70
0.707 0 70
0.718 0 70
0.718 0 70
0.730 2 70
0.730 0 70
0.730 0 70
0.742 0 70
0.742 0 70
0.742 0 70
0.753 1 70
0.753 0 70
0.753 0 70
0.765 0 70
0.765 0 70
0.776 0 70
0.776 0 70
0.776 0 70
0.776 0 70
0.788 0 70
0.788 0 70
0.800 0 70
0.800 0 70
0.800 0 70
0.811 0 70
0.811 0 70
0.811 0 70
0.811 0 70
0.823 2 70
0.823 0 70
0.834 0 70
0.834 0 70
0.834 0 70
0.846 0 70
0.846 1 70
0.846 0 70
0.858 0 70
0.858 0 70
0.858 1 70
0.869 0 70
0.869 0 70
0.881 0 70
0.881 0 70
0.881 0 70
0.881 0 70
0.893 0 70
0.893 0 70
0.893 1 70
0.904 0 70
0.904 0 70
0.916 0 70
0.916 0 70
0.916 1 70
0.927 0 70
0.927 0 70
0.927 0 70
0.927 0 70
0.939 1 70
0.939 0 70
0.951 0 70
0.951 0 70
0.951 0 70
0.962 0 70
0.962 0 70
0.962 0 70
0.974 0 70
0.974 0 70
0.974 0 70
0.985 0 70
0.985 0 70
0.985 0 70
0.997 1 70
0.997 0 70
0.997 0 70
1.009 0 70
1.009 0 70
1.009 1 70
1.020 0 70
1.020 0 70
1.032 0 70
1.032 0 70
1.032 1 70
1.032 0 70
1.043 0 70
1.043 0 70
1.055 0 70
1.055 0 70
1.055 0 70
1.067 0 70
1.067 0 70
1.067 0 70
1.078 0 70
1.078 0 70
1.078 0 70
1.090 0 70
1.090 1 70
1.090 0 70
1.090 0 70
1.101 0 70
1.101 0 70
1.113 0 70
1.113 0 70
1.113 0 70
1.125 0 70
1.125 0 70
1.136 1 70
1.136 0 70
1.136 0 70
1.136 0 70
1.148 0 70
1.148 0 70
1.148 0 70
1.160 0 70
1.160 0 70
1.171 0 70
1.171 0 70
1.171 0 70
1.171 0 70
1.183 0 70
1.183 1 70
1.194 0 70
1.194 0 70
1.194 0 70
1.194 0 70
1.206 1 70
1.206 0 70
1.218 0 70
1.218 974 75
1.218 972 75
1.229 971 75
1.229 974 75
1.229 975 75
1.241 973 75
1.241 971 75
1.241 974 75
1.252 974 75
1.252 974 75
1.264 974 75
1.264 974 75
1.264 974 75
1.264 974 75
1.276 974 75
1.276 974 75
1.287 974 75
1.287 975 75
1.287 974 75
1.299 974 75
1.299 970 75
1.299 974 75
1.299 975 75
1.310 974 75
1.310 974 75
1.322 0 75
1.322 0 75
1.322 0 75
1.334 0 75
1.334 0 75
1.334 0 75
1.345 0 75
1.345 0 75
1.345 0 75
1.357 0 75
1.357 2 75
1.357 0 75
1.369 0 75
1.369 0 75
1.369 1 75
1.380 1 75
1.380 0 75
1.380 0 75
1.392 0 75
1.392 0 75
1.403 1 75
1.403 0 75
1.403 0 75
1.415 0 75
1.415 0 75
1.415 0 75
1.415 0 75
1.427 0 75
1.427 0 75
1.438 0 75
1.438 0 75
1.438 0 75
1.450 0 75
1.450 1 75
1.450 0 75
1.461 0 75
1.461 0 75
1.461 0 75
1.473 0 75
1.473 0 75
1.485 0 75
1.485 0 75
1.485 0 75
1.485 0 75
1.496 0 75
1.496 0 75
1.496 0 75
1.508 0 75
1.508 0 75
1.519 0 75
1.519 0 75
1.519 0 75
1.519 0 75
1.531 0 75
1.531 0 75
1.543 0 75
1.543 0 75
1.543 1 75
1.554 0 75
1.554 0 75
1.554 0 75
1.566 0 75
1.566 0 75
1.566 1 75
1.578 0 75
1.578 0 75
1.578 0 75
1.589 1 75
1.589 0 75
1.589 0 75
1.601 0 75
1.601 0 75
1.601 0 75
1.612 0 75
1.612 0 75
1.624 0 75
1.624 0 75
1.624 0 75
1.624 0 75
1.636 0 75
1.636 0 75
1.647 1 75
1.647 0 75
1.647 0 75
1.659 0 75
1.659 0 75
1.659 0 75
1.659 0 75
1.670 0 75
1.670 0 75
1.682 0 75
1.682 0 75
1.682 0 75
1.694 0 75
1.694 0 75
1.694 0 75
1.705 0 75
1.705 0 75
1.705 0 75
1.717 0 75
1.717 1 75
1.717 0 75
1.728 0 75
1.728 0 75
1.728 0 75
1.740 0 75
1.740 0 75
1.752 0 75
1.752 0 75
1.763 0 75
1.763 1 75
1.763 0 75
1.763 0 75
1.775 0 75
1.775 0 75
1.775 0 75
1.775 0 75
1.786 0 75
1.786 0 75
1.786 0 75
1.798 0 75
1.798 0 75
1.810 0 75
1.810 0 75
1.810 1 75
1.821 0 75
1.821 0 75
1.821 0 75
1.833 0 75
1.833 0 75
1.833 0 75
1.845 0 75
1.845 0 75
1.856 0 75
1.856 1 75
1.856 0 75
1.856 0 75
1.868 0 75
1.868 0 75
1.879 0 75
1.879 0 75
1.879 0 75
1.891 0 75
1.891 0 75
1.891 0 75
1.891 0 75
1.903 0 75
1.903 0 75
1.914 2 75
1.914 0 75
1.914 0 75
1.926 0 75
1.926 0 75
1.926 0 75
1.937 0 75
1.937 0 75
1.937 0 75
1.949 0 75
1.949 0 75
1.961 0 75
1.961 0 75
1.961 0 75
1.961 0 75
1.972 0 75
1.972 0 75
1.972 0 75
1.984 0 75
1.984 0 75
1.995 0 75
1.995 0 75
1.995 0 75
1.995 0 75
2.007 0 75
2.007 0 75
2.007 0 75
2.019 0 75
2.019 0 75
2.030 0 75
2.030 0 75
2.030 0 75
2.042 0 75
2.042 0 75
2.042 0 75
2.054 0 75
2.054 0 75
2.054 0 75
2.065 0 75
2.065 0 75
2.065 0 75
2.077 0 75
2.077 0 75
2.077 1 75
2.088 0 75
2.088 0 75
2.088 0 75
2.100 1 75
2.100 0 75
2.112 0 75
2.112 0 75
2.112 0 75
2.123 0 75
2.123 0 75
2.123 0 75
2.123 0 75
2.135 0 75
2.135 0 75
2.146 0 75
2.146 0 75
2.146 0 75
2.152 0 75
2.158 0 75
2.158 974 69
2.170 975 69
2.170 975 69
2.170 973 69
2.181 973 69
2.181 974 69
2.181 975 69
2.193 974 69
2.193 971 69
2.193 972 69
2.204 974 69
2.204 974 69
2.216 975 69
2.216 971 69
2.216 975 69
2.228 974 69
2.228 974 69
2.228 972 69
2.228 972 69
2.239 975 69
2.239 974 69
2.251 974 69
2.251 972 69
2.251 973 69
2.262 975 69
2.262 0 69
2.262 0 69
2.274 1 69
2.274 0 69
2.274 0 69
2.286 0 69
2.286 0 69
2.297 0 69
2.297 1 69
2.297 0 69
2.297 0 69
2.309 0 69
2.309 1 69
2.321 0 69
2.321 0 69
2.321 0 69
2.321 0 69
2.332 0 69
2.332 0 69
2.344 0 69
2.344 0 69
2.344 1 69
2.355 0 69
2.355 0 69
2.355 0 69
2.367 0 69
2.367 1 69
2.367 0 69
2.367 0 69
2.379 0 69
2.379 0 69
2.390 0 69
2.390 0 69
2.390 0 69
2.402 0 69
2.402 0 69
2.402 0 69
2.413 0 69
2.413 0 69
2.413 0 69
2.425 0 69
2.425 0 69
2.437 0 69
2.437 0 69
2.437 0 69
2.437 0 69
2.448 0 69
2.448 0 69
2.460 0 69
2.460 0 69
2.460 1 69
2.460 0 69
2.471 0 69
2.471 0 69
2.483 0 69
2.483 0 69
2.483 0 69
2.495 0 69
2.495 0 69
2.495 0 69
2.506 0 69
2.506 0 69
2.506 0 69
2.518 0 69
2.518 0 69
2.518 0 69
2.530 0 69
2.530 0 69
2.530 0 69
2.541 1 69
2.541 0 69
2.541 0 69
2.553 0 69
2.553 0 69
2.564 0 69
2.564 0 69
2.564 0 69
2.564 0 69
2.576 0 69
2.576 1 69
2.588 0 69
2.588 0 69
2.588 0 69
2.588 0 69
2.599 0 69
2.599 0 69
2.611 0 69
2.611 0 69
2.611 0 69
2.622 0 69
2.622 0 69
2.622 0 69
2.622 0 69
2.634 1 69
2.634 0 69
2.646 0 69
2.646 0 69
2.646 0 69
2.657 0 69
2.657 0 69
2.657 0 69
2.669 0 69
2.669 0 69
2.680 0 69
2.680 0 69
2.680 0 69
2.680 0 69
2.692 0 69
2.692 0 69
2.704 0 69
2.704 0 69
2.704 0 69
2.704 0 69
2.715 0 69
2.715 0 69
2.727 0 69
2.727 0 69
2.727 0 69
2.739 0 69
2.739 0 69
2.739 0 69
2.750 0 69
2.750 0 69
2.750 0 69
2.762 0 69
2.762 0 69
2.762 0 69
2.762 0 69
2.773 0 69
2.773 0 69
2.785 0 69
2.785 0 69
2.785 0 69
2.797 0 69
2.797 0 69
2.808 0 69
2.808 0 69
2.808 0 69
2.808 0 69
2.820 0 69
2.820 1 69
2.831 0 69
2.831 0 69
2.831 0 69
2.831 0 69
2.843 0 69
2.843 1 69
2.855 0 69
2.855 0 69
2.855 0 69
2.866 0 69
2.866 0 69
2.866 0 69
2.878 0 69
2.878 0 69
2.878 0 69
2.889 0 69
2.889 0 69
2.889 0 69
2.901 0 69
2.901 0 69
2.913 0 69
2.913 0 69
2.913 0 69
2.913 1 69
2.924 0 69
2.924 0 69
2.936 0 69
2.936 0 69
2.936 0 69
2.947 1 69
2.947 0 69
2.947 0 69
2.947 0 69
2.959 0 69
2.959 0 69
2.971 0 69
2.971 0 69
2.971 0 69
2.971 0 69
2.982 0 69
2.982 0 69
2.994 0 69
2.994 1 69
2.994 0 69
3.006 0 69
3.006 0 69
3.006 0 69
3.017 0 69
3.017 0 69
3.017 0 69
3.029 0 69
3.029 0 69
3.029 1 69
3.040 0 69
3.040 0 69
3.052 0 69
3.052 0 69
3.052 972 63
3.052 974 63
3.064 974 63
3.064 974 63
3.075 974 63
3.075 975 63
3.075 975 63
3.087 974 63
3.087 973 63
3.087 972 63
3.098 973 63
3.098 975 63
3.098 975 63
3.110 974 63
3.110 971 63
3.110 974 63
3.122 975 63
3.122 975 63
3.122 971 63
3.133 972 63
3.133 974 63
3.133 974 63
3.145 975 63
3.145 973 63
3.145 971 63
3.156 0 63
3.156 0 63
3.156 0 63
3.168 0 63
3.168 0 63
3.180 0 63
3.180 0 63
3.180 0 63
3.180 1 63
3.191 0 63
3.191 0 63
3.203 0 63
3.203 0 63
3.203 0 63
3.215 0 63
3.215 0 63
3.215 0 63
3.226 0 63
3.226 0 63
3.226 0 63
3.238 0 63
3.238 0 63
3.238 0 63
3.249 0 63
3.249 0 63
3.249 0 63
3.261 0 63
3.261 0 63
3.261 0 63
3.273 0 63
3.273 0 63
3.284 0 63
3.284 2 63
3.284 0 63
3.284 0 63
3.296 0 63
3.296 0 63
3.296 0 63
3.307 0 63
3.307 0 63
3.319 0 63
3.319 0 63
3.319 0 63
3.331 0 63
3.331 0 63
3.331 0 63
3.342 0 63
3.342 0 63
3.342 0 63
3.354 0 63
3.354 0 63
3.365 1 63
3.365 0 63
3.365 0 63
3.365 0 63
3.377 1 63
3.377 0 63
3.389 0 63
3.389 0 63
3.389 0 63
3.389 0 63
3.400 1 63
3.400 0 63
3.412 0 63
3.412 0 63
3.412 0 63
3.412 0 63
3.423 0 63
3.423 0 63
3.435 0 63
3.435 0 63
3.435 0 63
3.447 0 63
3.447 0 63
3.447 0 63
3.447 2 63
3.458 0 63
3.458 0 63
3.470 0 63
3.470 0 63
3.470 0 63
3.482 0 63
3.482 0 63
3.482 0 63
3.493 0 63
3.493 1 63
3.493 0 63
3.505 0 63
3.505 0 63
3.516 0 63
3.516 0 63
3.516 0 63
3.516 0 63
3.528 0 63
3.528 0 63
3.540 0 63
3.540 0 63
3.540 0 63
3.540 1 63
3.551 0 63
3.551 0 63
3.563 0 63
3.563 0 63
3.563 0 63
3.563 1 63
3.574 0 63
3.574 0 63
3.586 0 63
3.586 0 63
3.586 0 63
3.598 0 63
3.598 0 63
3.598 0 63
3.609 0 63
3.609 0 63
3.621 0 63
3.621 0 63
3.621 0 63
3.621 0 63
3.632 0 63
3.632 0 63
3.632 0 63
3.644 1 63
3.644 0 63
3.656 0 63
3.656 0 63
3.656 0 63
3.656 0 63
3.667 1 63
3.667 0 63
3.667 0 63
3.679 0 63
3.679 0 63
3.691 0 63
3.691 0 63
3.691 0 63
3.702 0 63
3.702 0 63
3.702 0 63
3.714 0 63
3.714 0 63
3.714 1 63
3.725 0 63
3.725 0 63
3.725 0 63
3.737 0 63
3.737 0 63
3.737 0 63
3.749 0 63
3.749 0 63
3.749 0 63
3.760 1 63
3.760 0 63
3.772 0 63
3.772 0 63
3.772 0 63
3.772 0 63
3.783 0 63
3.783 0 63
3.795 0 63
3.795 0 63
3.795 0 63
3.807 0 63
3.807 0 63
3.807 0 63
3.807 1 63
3.818 0 63
3.818 0 63
3.830 0 63
3.830 0 63
3.830 0 63
3.841 0 63
3.841 0 63
3.841 0 63
3.853 0 63
3.853 2 63
3.853 0 63
3.865 0 63
3.865 973 67
3.876 972 67
3.876 971 67
3.876 975 67
3.876 975 67
3.888 972 67
3.888 971 67
3.888 974 67
3.900 975 67
3.900 975 67
3.900 974 67
3.911 972 67
3.911 973 67
3.923 974 67
3.923 975 67
3.923 972 67
3.934 974 67
3.934 974 67
3.934 974 67
3.946 974 67
3.946 972 67
3.946 973 67
3.946 975 67
3.958 974 67
3.958 974 67
3.969 0 67
3.969 0 67
3.969 0 67
3.981 0 67
3.981 0 67
3.981 0 67
3.992 0 67
3.992 0 67
4.004 0 67
4.004 0 67
4.004 1 67
4.004 0 67
4.016 0 67
4.016 0 67
4.027 0 67
4.027 1 67
4.027 0 67
4.027 0 67
4.039 0 67
4.039 0 67
4.050 0 67
4.050 0 67
4.050 0 67
4.062 0 67
4.062 0 67
4.062 0 67
4.074 0 67
4.074 0 67
4.074 0 67
4.085 1 67
4.085 0 67
4.085 0 67
4.097 0 67
4.097 1 67
4.108 0 67
4.108 0 67
4.108 0 67
4.108 0 67
4.120 0 67
4.120 1 67
4.120 0 67
4.132 0 67
4.132 0 67
4.143 0 67
4.143 0 67
