timestamp POX HR POX_STATUS EDA EDA_FILTER EDA_PHASIC EDA_TONIC EDA_STATUS
0.000 1 73
0.010 0 73
0.010 0 73
0.033 0 73
0.033 0 73
0.033 0 73
0.033 0 73
0.033 0 73
0.033 0 73
0.033 0 73
0.045 0 73
0.045 0 73
0.045 0 73
0.045 0 73
0.057 2 73
0.057 0 73
0.068 0 73
0.068 0 73
0.068 0 73
0.080 0 73
0.080 0 73
0.080 0 73
0.091 0 73
0.091 0 73
0.103 0 73
0.103 0 73
0.103 0 73
0.103 0 73
0.115 0 73
0.115 0 73
0.115 0 73
0.126 0 73
0.126 0 73
0.138 0 73
0.138 0 73
0.138 0 73
0.138 0 73
0.149 0 73
0.149 1 73
0.161 0 73
0.161 0 73
0.161 0 73
0.173 0 73
0.173 1 73
0.173 0 73
0.173 0 73
0.184 0 73
0.184 0 73
0.196 0 73
0.196 0 73
0.196 0 73
0.208 0 73
0.208 0 73
0.219 0 73
0.219 0 73
0.219 0 73
0.219 0 73
0.231 1 73
0.231 0 73
0.231 0 73
0.242 0 73
0.242 0 73
0.254 1 73
0.254 0 73
0.254 0 73
0.254 0 73
0.266 0 73
0.266 1 73
0.266 0 73
0.277 0 73
0.277 0 73
0.289 0 73
0.289 0 73
0.289 0 73
0.289 0 73
0.300 0 73
0.300 0 73
0.312 0 73
0.312 0 73
0.312 0 73
0.324 0 73
0.324 2 73
0.324 0 73
0.324 0 73
0.335 0 73
0.335 0 73
0.347 0 73
0.347 0 73
0.347 0 73
0.358 0 73
0.358 0 73
0.370 1 73
0.370 0 73
0.370 0 73
0.370 0 73
0.382 0 73
0.382 0 73
0.382 0 73
0.393 0 73
0.393 0 73
0.405 0 73
0.405 0 73
0.405 0 73
0.417 0 73
0.417 0 73
0.417 0 73
0.428 975 68
0.428 974 68
0.428 973 68
0.440 970 68
0.440 974 68
0.440 975 68
0.451 975 68
0.451 974 68
0.451 971 68
0.463 971 68
0.463 974 68
0.463 975 68
0.475 972 68
0.475 971 68
0.475 974 68
0.486 974 68
0.486 975 68
0.486 973 68
0.498 972 68
0.498 974 68
0.498 974 68
0.509 973 68
0.509 973 68
0.521 974 68
0.521 975 68
0.521 0 68
0.521 0 68
0.533 0 68
0.533 1 68
0.544 0 68
0.544 0 68
0.544 0 68
0.556 1 68
0.556 0 68
0.556 0 68
0.567 0 68
0.567 0 68
0.567 0 68
0.579 0 68
0.579 0 68
0.579 0 68
0.591 0 68
0.591 0 68
0.602 0 68
0.602 0 68
0.602 0 68
0.602 1 68
0.614 0 68
0.614 0 68
0.614 0 68
0.625 0 68
0.625 0 68
0.637 1 68
0.637 0 68
0.637 0 68
0.649 0 68
0.649 0 68
0.649 0 68
0.649 0 68
0.660 0 68
0.660 0 68
0.672 0 68
0.672 0 68
0.672 0 68
0.684 0 68
0.684 1 68
0.695 0 68
0.695 0 68
0.695 0 68
0.695 0 68
0.707 1 68
0.707 0 68
0.707 0 68
0.718 0 68
0.718 0 68
0.730 1 68
0.730 0 68
0.730 0 68
0.730 0 68
0.742 0 68
0.742 0 68
0.753 0 68
0.753 0 68
0.753 0 68
0.765 0 68
0.765 0 68
0.765 0 68
0.765 0 68
0.776 0 68
0.776 1 68
0.788 0 68
0.788 0 68
0.788 0 68
0.800 0 68
0.800 0 68
0.800 0 68
0.800 0 68
0.811 0 68
0.811 0 68
0.823 1 68
0.823 0 68
0.823 0 68
0.834 0 68
0.834 0 68
0.846 0 68
0.846 0 68
0.846 0 68
0.846 0 68
0.858 1 68
0.858 0 68
0.858 0 68
0.869 0 68
0.869 0 68
0.881 2 68
0.881 0 68
0.881 0 68
0.881 0 68
0.893 0 68
0.893 1 68
0.904 0 68
0.904 0 68
0.904 0 68
0.916 0 68
0.916 0 68
0.916 0 68
0.927 0 68
0.927 0 68
0.927 0 68
0.939 0 68
0.939 0 68
0.945 0 68
0.951 0 68
0.951 0 68
0.951 0 68
0.962 0 68
0.962 0 68
0.962 0 68
0.974 1 68
0.974 0 68
0.985 0 68
0.985 0 68
0.985 0 68
0.985 1 68
0.997 0 68
0.997 0 68
1.009 0 68
1.009 0 68
1.009 0 68
1.009 0 68
1.020 0 68
1.020 0 68
1.032 0 68
1.032 0 68
1.032 0 68
1.043 0 68
1.043 0 68
1.043 1 68
1.055 0 68
1.055 0 68
1.055 0 68
1.067 1 68
1.067 0 68
1.078 0 68
1.078 0 68
1.078 0 68
1.078 0 68
1.090 0 68
1.090 0 68
1.101 0 68
1.101 0 68
1.101 0 68
1.101 0 68
1.113 0 68
1.113 0 68
1.125 0 68
1.125 0 68
1.125 0 68
1.136 0 68
1.136 0 68
1.136 0 68
1.148 1 68
1.148 0 68
1.148 0 68
1.160 0 68
1.160 1 68
1.160 0 68
1.160 0 68
1.171 0 68
1.171 0 68
1.183 0 68
1.183 1 68
1.183 0 68
1.194 0 68
1.194 0 68
1.194 0 68
1.206 0 68
1.206 0 68
1.218 0 68
1.218 0 68
1.218 0 68
1.229 0 68
1.229 0 68
1.229 0 68
1.229 1 68
1.241 0 68
1.241 0 68
1.252 0 68
1.252 0 68
1.252 0 68
1.264 1 68
1.264 974 62
1.264 973 62
1.276 975 62
1.276 973 62
1.276 975 62
1.276 974 62
1.287 974 62
1.287 972 62
1.299 971 62
1.299 975 62
1.310 975 62
1.310 974 62
1.310 973 62
1.310 974 62
1.322 975 62
1.322 975 62
1.334 974 62
1.334 972 62
1.334 973 62
1.334 974 62
1.345 975 62
1.345 974 62
1.357 971 62
1.357 973 62
1.369 974 62
1.369 0 62
1.369 0 62
1.369 0 62
1.380 0 62
1.380 0 62
1.380 0 62
1.392 0 62
1.392 0 62
1.392 0 62
1.403 0 62
1.403 0 62
1.415 0 62
1.415 0 62
1.415 0 62
1.415 0 62
1.427 0 62
1.427 0 62
1.427 0 62
1.438 0 62
1.438 0 62
1.438 0 62
1.450 1 62
1.450 0 62
1.450 0 62
1.461 0 62
1.461 0 62
1.473 0 62
1.473 0 62
1.473 0 62
1.485 0 62
1.485 0 62
1.485 0 62
1.485 0 62
1.496 0 62
1.496 0 62
1.508 1 62
1.508 0 62
1.508 0 62
1.519 0 62
1.519 0 62
1.519 0 62
1.531 0 62
1.531 0 62
1.531 0 62
1.543 0 62
1.543 1 62
1.543 0 62
1.554 0 62
1.554 0 62
1.554 0 62
1.566 0 62
1.566 0 62
1.566 0 62
1.578 0 62
1.578 0 62
1.589 0 62
1.589 0 62
1.589 0 62
1.589 0 62
1.601 1 62
1.601 0 62
1.612 0 62
1.612 0 62
1.612 1 62
1.624 0 62
1.624 0 62
1.624 0 62
1.636 0 62
1.636 0 62
1.636 1 62
1.647 0 62
1.647 0 62
1.647 0 62
1.659 0 62
1.659 0 62
1.659 0 62
1.670 0 62
1.670 0 62
1.670 0 62
1.682 0 62
1.682 0 62
1.682 0 62
1.694 0 62
1.694 1 62
1.694 0 62
1.705 0 62
1.705 0 62
1.717 0 62
1.717 1 62
1.717 0 62
1.728 0 62
1.728 0 62
1.728 0 62
1.728 0 62
1.740 0 62
1.740 0 62
1.752 0 62
1.752 0 62
1.752 0 62
1.763 0 62
1.763 0 62
1.775 0 62
1.775 1 62
1.775 0 62
1.775 0 62
1.786 0 62
1.786 2 62
1.786 0 62
1.798 0 62
1.798 0 62
1.798 0 62
1.810 0 62
1.810 1 62
1.821 0 62
1.821 0 62
1.821 0 62
1.821 0 62
1.833 0 62
1.833 0 62
1.845 0 62
1.845 0 62
1.845 0 62
1.856 0 62
1.856 0 62
1.856 0 62
1.868 0 62
1.868 1 62
1.868 0 62
1.868 0 62
1.879 0 62
1.879 1 62
1.891 0 62
1.891 0 62
1.891 0 62
1.903 0 62
1.903 0 62
1.914 1 62
1.914 0 62
1.914 0 62
1.914 0 62
1.926 0 62
1.926 0 62
1.926 0 62
1.937 0 62
1.937 0 62
1.942 0 62
1.949 0 62
1.949 0 62
1.961 0 62
1.961 1 62
1.961 0 62
1.972 0 62
1.972 0 62
1.972 0 62
1.972 0 62
1.984 1 62
1.984 0 62
1.995 0 62
1.995 0 62
1.995 1 62
2.007 0 62
2.007 0 62
2.007 0 62
2.019 0 62
2.019 0 62
2.019 0 62
2.030 0 62
2.030 0 62
2.030 0 62
2.042 0 62
2.042 0 62
2.054 0 62
2.054 0 62
2.054 2 62
2.065 0 62
2.065 0 62
2.065 0 62
2.077 973 71
2.077 971 71
2.077 973 71
2.077 974 71
2.088 975 71
2.088 972 71
2.100 972 71
2.100 974 71
2.100 974 71
2.112 975 71
2.112 972 71
2.112 972 71
2.123 974 71
2.123 974 71
2.135 973 71
2.135 972 71
2.135 975 71
2.135 975 71
2.146 974 71
2.146 973 71
2.158 971 71
2.158 974 71
2.158 975 71
2.158 975 71
2.170 974 71
2.170 973 71
2.181 0 71
2.181 0 71
2.181 0 71
2.193 0 71
2.193 0 71
2.193 0 71
2.193 0 71
2.204 0 71
2.204 0 71
2.204 0 71
2.216 0 71
2.216 0 71
2.228 0 71
2.228 1 71
2.228 0 71
2.239 0 71
2.239 0 71
2.239 0 71
2.251 0 71
2.251 0 71
2.251 0 71
2.262 0 71
2.262 0 71
2.274 1 71
2.274 0 71
2.274 0 71
2.286 0 71
2.286 0 71
2.286 0 71
2.286 0 71
2.297 0 71
2.297 0 71
2.309 0 71
2.309 0 71
2.321 0 71
2.321 0 71
2.321 0 71
2.321 1 71
2.332 0 71
2.332 0 71
2.332 0 71
2.344 0 71
2.344 0 71
2.344 0 71
2.355 0 71
2.355 0 71
2.355 0 71
2.367 1 71
2.367 0 71
2.379 0 71
2.379 0 71
2.379 0 71
2.379 0 71
2.390 0 71
2.390 0 71
2.390 0 71
2.402 0 71
2.402 0 71
2.402 0 71
2.413 0 71
2.413 0 71
2.413 1 71
2.425 0 71
2.425 0 71
2.437 0 71
2.437 0 71
2.437 1 71
2.437 0 71
2.448 0 71
2.448 0 71
2.448 0 71
2.460 0 71
2.460 0 71
2.471 0 71
2.471 0 71
2.471 0 71
2.483 0 71
2.483 0 71
2.483 0 71
2.495 0 71
2.495 0 71
2.495 0 71
2.506 0 71
2.506 0 71
2.518 2 71
2.518 0 71
2.518 0 71
2.530 0 71
2.530 0 71
2.530 0 71
2.530 1 71
2.541 0 71
2.541 0 71
2.553 0 71
2.553 0 71
2.553 0 71
2.564 0 71
2.564 0 71
2.564 0 71
2.564 0 71
2.576 0 71
2.576 0 71
2.588 0 71
2.588 0 71
2.588 1 71
2.599 0 71
2.599 0 71
2.611 0 71
2.611 0 71
2.611 0 71
2.611 0 71
2.622 0 71
2.622 0 71
2.622 0 71
2.634 1 71
2.634 0 71
2.646 0 71
2.646 0 71
2.646 0 71
2.646 0 71
2.657 0 71
2.657 0 71
2.669 0 71
2.669 0 71
2.669 0 71
2.680 0 71
2.680 0 71
2.680 1 71
2.692 0 71
2.692 0 71
2.692 0 71
2.704 0 71
2.704 1 71
2.704 0 71
2.715 0 71
2.715 0 71
2.715 0 71
2.727 1 71
2.727 0 71
2.727 0 71
2.739 0 71
2.739 0 71
2.739 0 71
2.750 0 71
2.750 0 71
2.750 0 71
2.762 0 71
2.762 0 71
2.773 0 71
2.773 0 71
2.773 0 71
2.773 2 71
2.785 0 71
2.785 0 71
2.797 0 71
2.797 0 71
2.808 0 71
2.808 1 71
2.808 0 71
2.808 0 71
2.808 0 71
2.820 1 71
2.820 0 71
2.831 0 71
2.831 0 71
2.831 0 71
2.843 0 71
2.843 0 71
2.843 0 71
2.855 0 71
2.855 0 71
2.855 0 71
2.866 0 71
2.866 0 71
2.878 0 71
2.878 1 71
2.878 0 71
2.878 0 71
2.889 0 71
2.889 0 71
2.901 1 71
2.901 0 71
2.913 0 71
2.913 0 71
2.913 0 71
2.913 971 71
2.924 974 71
2.924 974 71
2.924 975 71
2.936 973 71
2.936 971 71
2.936 974 71
2.947 974 71
2.947 973 71
2.947 972 71
2.959 975 71
2.959 974 71
2.959 974 71
2.971 973 71
2.971 972 71
2.982 974 71
2.982 975 71
2.982 974 71
2.982 971 71
2.994 973 71
2.994 975 71
3.006 975 71
3.006 974 71
3.017 972 71
3.017 971 71
3.017 0 71
3.017 0 71
3.029 0 71
3.029 0 71
3.029 0 71
3.029 0 71
3.040 0 71
3.040 0 71
3.052 2 71
3.052 0 71
3.052 0 71
3.064 0 71
3.064 0 71
3.064 0 71
3.064 0 71
3.075 0 71
3.075 0 71
3.087 0 71
3.087 1 71
3.087 0 71
3.098 0 71
3.098 0 71
3.098 0 71
3.110 0 71
3.110 0 71
3.122 0 71
3.122 0 71
3.122 0 71
3.133 0 71
3.133 0 71
3.133 0 71
3.133 0 71
3.145 2 71
3.145 0 71
3.156 0 71
3.156 0 71
3.156 0 71
3.168 0 71
3.168 0 71
3.168 0 71
3.180 0 71
3.180 0 71
3.180 0 71
3.191 0 71
3.191 0 71
3.191 0 71
3.203 0 71
3.203 0 71
3.203 0 71
3.215 0 71
3.215 0 71
3.215 0 71
3.226 0 71
3.226 0 71
3.226 0 71
3.238 1 71
3.238 0 71
3.249 0 71
3.249 0 71
3.249 0 71
3.261 0 71
3.261 0 71
3.261 0 71
3.273 0 71
3.273 0 71
3.273 0 71
3.273 0 71
3.284 0 71
3.284 0 71
3.296 0 71
3.296 0 71
3.296 0 71
3.296 0 71
3.307 0 71
3.307 0 71
3.319 1 71
3.319 0 71
3.319 0 71
3.331 0 71
3.331 2 71
3.331 0 71
3.342 0 71
3.342 0 71
3.354 0 71
3.354 0 71
3.354 1 71
3.354 0 71
3.365 0 71
3.365 0 71
3.377 0 71
3.377 0 71
3.377 0 71
3.377 0 71
3.389 0 71
3.389 0 71
3.400 0 71
3.400 0 71
3.400 0 71
3.400 0 71
3.412 0 71
3.412 0 71
3.423 0 71
3.423 0 71
3.423 1 71
3.423 0 71
3.435 0 71
3.435 0 71
3.447 0 71
3.447 0 71
3.447 0 71
3.458 0 71
3.458 0 71
3.458 0 71
3.470 0 71
3.470 0 71
3.470 0 71
3.482 0 71
3.482 0 71
3.493 0 71
3.493 0 71
3.493 0 71
3.493 0 71
3.505 1 71
3.505 0 71
3.505 0 71
3.516 0 71
3.516 0 71
3.528 0 71
3.528 1 71
3.528 0 71
3.540 0 71
3.540 0 71
3.540 1 71
3.540 0 71
3.551 0 71
3.551 0 71
3.563 0 71
3.563 0 71
3.563 0 71
3.574 0 71
3.574 0 71
3.574 0 71
3.586 0 71
3.586 0 71
3.586 0 71
3.598 0 71
3.598 1 71
3.598 0 71
3.609 0 71
3.609 0 71
3.609 0 71
3.621 0 71
3.621 0 71
3.632 0 71
3.632 0 71
3.632 0 71
3.632 1 71
3.644 0 71
3.644 0 71
3.656 0 71
3.656 0 71
3.656 0 71
3.667 0 71
3.667 0 71
3.667 0 71
3.679 0 71
3.679 0 71
3.679 0 71
3.691 0 71
3.691 0 71
3.691 1 71
3.702 0 71
3.702 0 71
3.702 0 71
3.714 0 71
3.714 1 71
3.714 0 71
3.725 0 71
3.725 0 71
3.737 0 71
3.737 0 71
3.737 0 71
3.737 0 71
3.749 0 71
3.749 0 71
3.760 0 71
3.760 0 71
3.760 0 71
3.772 0 71
3.772 1 71
3.772 0 71
3.783 0 71
3.783 0 71
3.783 0 71
3.795 0 71
3.795 973 71
3.795 974 71
3.807 974 71
3.807 972 71
3.807 974 71
3.818 974 71
3.818 974 71
3.818 974 71
3.830 972 71
3.830 973 71
3.841 975 71
3.841 974 71
3.841 972 71
3.853 971 71
3.853 974 71
3.853 975 71
3.865 975 71
3.865 974 71
3.865 973 71
3.865 973 71
3.876 974 71
3.876 975 71
3.888 972 71
3.888 974 71
3.888 974 71
3.900 0 71
3.900 0 71
3.911 0 71
3.911 1 71
3.911 0 71
3.911 0 71
3.923 0 71
3.923 0 71
3.923 0 71
3.934 0 71
3.934 0 71
3.934 0 71
3.946 0 71
3.946 0 71
3.958 0 71
3.958 0 71
3.958 0 71
3.969 0 71
3.969 0 71
3.969 0 71
3.969 0 71
3.981 0 71
3.981 0 71
3.992 0 71
3.992 0 71
3.992 0 71
4.004 0 71
4.004 0 71
4.004 0 71
4.004 0 71
4.016 0 71
4.016 0 71
4.027 0 71
4.027 0 71
4.027 0 71
4.039 0 71
4.039 0 71
4.039 0 71
4.050 0 71
4.050 0 71
4.062 2 71
4.062 0 71
4.062 0 71
4.074 0 71
4.074 0 71
4.074 0 71
4.074 1 71
4.085 0 71
4.085 0 71
4.085 0 71
4.097 1 71
4.097 0 71
4.108 0 71
4.108 0 71
4.108 0 71
4.120 0 71
4.120 0 71
4.120 0 71
4.132 0 71
4.132 0 71
4.132 0 71
4.143 0 71
4.143 0 71
4.143 0 71
4.155 1 71
4.155 0 71
4.155 0 71
4.167 0 71
4.167 0 71
4.167 0 71
4.178 0 71
4.178 0 71
4.190 0 71
4.190 0 71
4.190 0 71
4.190 0 71
4.201 0 71
4.201 0 71
4.201 0 71
4.213 0 71
4.213 0 71
4.213 0 71
4.225 0 71
4.225 1 71
4.236 0 71
4.236 0 71
4.236 0 71
4.248 0 71
4.248 1 71
4.248 0 71
4.259 0 71
4.259 0 71
4.259 0 71
4.271 1 71
4.271 0 71
4.271 0 71
4.283 0 71
4.283 0 71
4.283 0 71
4.294 0 71
4.294 0 71
4.294 0 71
4.306 0 71
4.306 0 71
4.306 0 71
4.317 0 71
4.317 0 71
4.317 2 71
4.329 0 71
4.329 0 71
4.341 0 71
4.341 0 71
4.341 0 71
4.352 0 71
4.352 0 71
4.352 0 71
4.364 0 71
4.364 1 71
4.364 0 71
4.376 0 71
4.376 0 71
4.376 0 71
4.387 0 71
4.387 0 71
4.387 0 71
4.399 0 71
4.399 0 71
4.399 0 71
4.410 0 71
4.410 0 71
4.422 0 71
4.422 2 71
4.422 0 71
4.422 0 71
4.434 0 71
4.434 0 71
4.445 1 71
4.445 0 71
4.445 0 71
4.445 0 71
4.457 0 71
4.457 0 71
4.468 0 71
4.468 0 71
4.468 0 71
4.480 0 71
4.480 0 71
4.480 0 71
4.492 0 71
4.492 0 71
4.492 0 71
4.503 0 71
4.503 0 71
4.503 0 71
4.515 0 71
4.515 0 71
4.515 0 71
4.526 0 71
4.526 0 71
4.526 0 71
4.538 1 71
4.538 0 71
4.550 0 71
4.550 0 71
4.550 0 71
4.550 0 71
4.561 0 71
4.561 0 71
4.561 0 71
4.573 0 71
4.573 0 71
4.584 0 71
4.584 0 71
4.584 0 71
4.596 1 71
4.596 0 71
4.596 0 71
4.596 974 68
4.608 972 68
4.608 974 68
4.619 974 68
4.619 974 68
4.619 974 68
4.631 971 68
4.631 973 68
4.631 974 68
4.643 974 68
4.643 971 68
4.643 972 68
4.654 975 68
4.654 974 68
4.666 974 68
4.666 972 68
4.666 972 68
4.666 975 68
4.677 975 68
4.677 974 68
4.677 973 68
4.689 973 68
4.689 974 68
4.701 975 68
4.701 975 68
4.701 972 68
4.701 0 68
4.712 0 68
4.712 0 68
4.724 0 68
4.724 0 68
4.724 0 68
4.735 0 68
4.735 0 68
4.735 0 68
4.747 0 68
4.747 0 68
4.747 0 68
4.759 0 68
4.759 0 68
4.770 0 68
4.770 0 68
4.770 0 68
4.770 0 68
4.782 1 68
4.782 0 68
4.782 0 68
4.793 0 68
4.793 0 68
4.805 0 68
4.805 1 68
4.805 0 68
4.805 0 68
4.817 0 68
4.817 0 68
4.828 0 68
4.828 0 68
4.840 0 68
4.840 0 68
4.840 0 68
4.840 0 68
4.852 0 68
4.852 0 68
4.852 0 68
4.852 0 68
4.863 0 68
4.863 0 68
4.875 0 68
4.875 1 68
4.875 0 68
4.886 0 68
4.886 0 68
4.886 0 68
4.898 0 68
4.898 0 68
4.898 0 68
4.910 0 68
4.910 0 68
4.921 1 68
4.921 0 68
4.921 0 68
4.933 0 68
4.933 0 68
4.933 0 68
4.933 0 68
4.944 0 68
4.944 0 68
4.956 0 68
4.956 0 68
4.956 0 68
4.956 0 68
4.968 0 68
4.968 1 68
4.979 0 68
4.979 0 68
4.979 0 68
4.991 0 68
4.991 1 68
4.991 0 68
5.002 0 68
5.002 0 68
5.014 0 68
5.014 0 68
5.014 0 68
5.026 0 68
5.026 0 68
5.026 0 68
5.026 0 68
5.037 0 68
5.037 0 68
5.049 0 68
5.049 1 68
5.049 0 68
5.060 0 68
5.060 0 68
5.060 0 68
5.072 1 68
5.072 0 68
5.072 0 68
5.084 0 68
5.084 0 68
5.084 1 68
5.095 0 68
5.095 0 68
5.095 0 68
5.107 0 68
5.107 0 68
5.107 0 68
5.119 0 68
5.119 0 68
5.119 0 68
5.130 0 68
5.130 0 68
5.142 0 68
5.142 0 68
5.142 1 68
5.142 0 68
5.153 0 68
5.153 0 68
5.153 0 68
5.165 0 68
5.165 0 68
5.177 0 68
5.177 0 68
5.177 0 68
5.188 1 68
5.188 0 68
5.188 0 68
5.188 0 68
5.200 0 68
5.200 0 68
5.211 0 68
5.211 0 68
5.211 0 68
5.223 0 68
5.223 0 68
5.223 0 68
5.235 0 68
5.235 0 68
5.235 1 68
5.246 0 68
5.246 0 68
5.246 0 68
5.258 0 68
5.258 1 68
5.258 0 68
5.269 0 68
5.269 0 68
5.281 0 68
5.281 1 68
5.281 0 68
5.293 0 68
5.293 0 68
5.293 0 68
5.293 0 68
5.304 0 68
5.304 0 68
5.316 0 68
5.316 0 68
5.316 0 68
5.328 0 68
5.328 0 68
5.328 2 68
5.339 0 68
5.339 0 68
5.339 975 74
5.351 974 74
5.351 971 74
5.351 973 74
5.362 974 74
5.362 975 74
5.374 975 74
5.374 972 74
5.374 974 74
5.374 974 74
5.386 974 74
5.386 972 74
5.397 972 74
5.397 975 74
5.397 974 74
5.397 974 74
5.409 973 74
5.409 974 74
5.420 975 74
5.420 974 74
5.420 973 74
5.420 971 74
5.432 974 74
5.432 975 74
5.444 975 74
5.444 0 74
5.444 0 74
5.455 1 74
5.455 0 74
5.455 0 74
5.467 0 74
5.467 0 74
5.467 0 74
5.478 0 74
5.478 0 74
5.490 0 74
5.490 0 74
5.490 0 74
5.490 0 74
5.502 0 74
5.502 1 74
5.513 0 74
5.513 0 74
5.513 0 74
5.513 0 74
5.525 0 74
5.525 0 74
5.537 0 74
5.537 0 74
5.537 0 74
5.548 1 74
5.548 0 74
5.548 0 74
5.560 0 74
5.560 0 74
5.560 0 74
5.571 0 74
5.571 0 74
5.583 0 74
5.583 0 74
5.583 0 74
5.583 0 74
5.595 0 74
5.595 0 74
5.595 2 74
5.606 0 74
5.606 0 74
5.618 0 74
5.618 0 74
5.618 0 74
5.629 0 74
5.629 0 74
5.629 0 74
5.641 0 74
5.641 1 74
5.641 0 74
5.641 0 74
5.653 0 74
5.653 0 74
5.664 0 74
5.664 0 74
5.664 0 74
5.664 0 74
5.676 0 74
5.676 0 74
5.687 0 74
5.687 0 74
5.687 0 74
5.699 2 74
5.699 0 74
5.699 0 74
5.711 0 74
5.711 0 74
5.722 0 74
5.722 0 74
5.722 0 74
5.734 0 74
5.734 0 74
5.734 0 74
5.734 0 74
5.745 0 74
5.745 0 74
5.757 0 74
5.757 0 74
5.757 0 74
5.769 0 74
5.769 0 74
5.769 1 74
5.780 0 74
5.780 0 74
5.780 0 74
5.780 0 74
5.792 1 74
5.792 0 74
5.804 0 74
5.804 0 74
5.804 0 74
5.815 1 74
5.815 0 74
5.815 0 74
5.827 0 74
5.827 0 74
5.827 0 74
5.838 0 74
5.838 0 74
5.838 0 74
5.850 0 74
5.850 0 74
5.862 0 74
5.862 0 74
5.862 0 74
5.873 1 74
5.873 0 74
5.873 0 74
5.873 0 74
5.885 1 74
5.885 0 74
5.896 0 74
5.896 0 74
5.896 0 74
5.908 0 74
5.908 1 74
5.908 0 74
5.908 0 74
5.920 0 74
5.920 0 74
5.931 0 74
5.931 0 74
5.931 0 74
5.943 0 74
5.943 0 74
5.943 0 74
5.954 0 74
5.954 0 74
5.954 0 74
5.966 1 74
5.966 0 74
5.978 0 74
5.978 0 74
5.978 0 74
5.978 1 74
5.989 0 74
5.989 0 74
6.001 0 74
6.001 0 74
6.001 1 74
6.001 0 74
6.013 0 74
6.013 0 74
6.024 0 74
6.024 0 74
6.024 0 74
6.036 0 74
6.036 0 74
6.036 1 74
6.036 0 74
6.047 0 74
6.047 0 74
6.059 1 74
6.059 0 74
6.059 0 74
6.071 0 74
6.071 0 74
6.071 0 74
6.082 0 74
6.082 0 74
6.094 0 74
6.094 0 74
6.094 0 74
6.094 0 74
6.105 0 74
6.105 0 74
6.117 0 74
6.117 0 74
6.117 0 74
6.117 0 74
6.129 0 74
6.129 0 74
6.140 0 74
6.140 0 74
6.140 0 74
6.152 0 74
6.152 1 74
6.152 0 74
6.163 0 74
6.163 0 74
6.163 0 74
6.175 0 74
6.175 0 74
6.175 0 74
6.187 0 74
6.187 0 74
6.187 0 74
6.198 0 74
6.198 0 74
6.198 0 74
6.210 0 74
6.210 972 81
6.221 974 81
6.221 974 81
6.221 973 81
6.221 973 81
6.233 975 81
6.233 975 81
6.245 974 81
6.245 973 81
6.245 971 81
6.245 975 81
6.256 975 81
6.256 975 81
6.268 974 81
6.268 973 81
6.268 974 81
6.280 974 81
6.280 975 81
6.280 971 81
6.291 971 81
6.291 974 81
6.291 975 81
6.303 975 81
6.303 973 81
6.303 974 81
6.314 0 81
6.314 0 81
6.326 0 81
6.326 1 81
6.326 0 81
6.326 0 81
6.338 0 81
6.338 0 81
6.338 0 81
6.349 0 81
6.349 0 81
6.349 0 81
6.361 0 81
6.361 1 81
6.372 0 81
6.372 0 81
6.372 0 81
6.384 0 81
6.384 0 81
6.384 0 81
6.396 0 81
6.396 0 81
6.396 0 81
6.407 0 81
6.407 0 81
6.419 0 81
6.419 0 81
6.419 1 81
6.419 0 81
6.430 0 81
6.430 0 81
6.430 0 81
6.442 0 81
6.442 0 81
6.442 0 81
6.454 0 81
6.454 0 81
6.465 1 81
6.465 0 81
6.465 0 81
6.477 0 81
6.477 0 81
6.477 0 81
6.477 0 81
6.489 0 81
6.489 0 81
6.500 0 81
6.500 0 81
6.500 0 81
6.512 0 81
6.512 0 81
6.512 1 81
6.523 0 81
6.523 0 81
6.535 0 81
6.535 0 81
6.535 0 81
6.535 0 81
6.547 0 81
6.547 0 81
6.558 0 81
6.558 0 81
6.558 0 81
6.570 0 81
6.570 0 81
6.570 0 81
6.570 0 81
6.581 0 81
6.581 0 81
6.581 0 81
6.593 0 81
6.593 0 81
6.593 0 81
6.605 0 81
6.605 1 81
6.616 0 81
6.616 0 81
6.616 0 81
6.616 0 81
6.628 0 81
6.628 1 81
6.639 0 81
6.639 0 81
6.639 0 81
6.651 0 81
6.651 0 81
6.651 0 81
6.663 0 81
6.663 0 81
6.663 0 81
6.674 0 81
6.674 0 81
6.674 0 81
6.686 0 81
6.686 1 81
6.698 0 81
6.698 0 81
6.698 0 81
6.698 1 81
6.709 0 81
6.709 0 81
6.709 0 81
6.721 0 81
6.721 0 81
6.732 1 81
6.732 0 81
6.732 0 81
6.744 0 81
6.744 0 81
6.744 0 81
6.756 0 81
6.756 0 81
6.756 0 81
6.767 0 81
6.767 0 81
6.767 0 81
6.779 0 81
6.779 1 81
6.779 0 81
6.790 0 81
6.790 0 81
6.790 0 81
6.802 0 81
6.802 0 81
6.802 0 81
6.814 0 81
6.814 0 81
6.814 0 81
6.825 0 81
6.825 0 81
6.837 0 81
6.837 0 81
6.837 0 81
6.837 0 81
6.848 0 81
6.848 0 81
6.848 0 81
6.860 0 81
6.860 0 81
6.872 0 81
6.872 0 81
6.872 2 81
6.883 0 81
6.883 0 81
6.883 0 81
6.895 0 81
6.895 0 81
6.895 1 81
6.906 0 81
6.906 0 81
6.906 0 81
6.918 0 81
6.918 0 81
6.930 0 81
6.930 0 81
6.930 0 81
6.930 0 81
6.941 0 81
6.941 0 81
6.953 0 81
6.953 0 81
6.953 0 81
6.965 0 81
6.965 0 81
6.965 0 81
6.965 1 81
6.976 0 81
6.976 0 81
6.988 0 81
6.988 0 81
6.988 0 81
6.999 0 81
6.999 0 81
6.999 0 81
7.011 0 81
7.011 0 81
7.023 0 81
7.023 0 81
7.023 0 81
7.034 0 81
7.034 0 81
7.034 0 81
7.034 0 81
7.046 0 81
7.046 1 81
7.057 0 81
7.057 0 81
7.057 0 81
7.057 0 81
7.069 1 81
7.069 0 81
7.081 0 81
7.081 0 81
7.081 0 81
7.092 1 81
7.092 0 81
7.092 0 81
7.092 0 81
7.104 0 81
7.104 0 81
7.115 0 81
7.115 0 81
7.127 0 81
7.127 0 81
7.127 974 69
7.127 974 69
7.139 974 69
7.139 973 69
7.150 974 69
7.150 974 69
7.150 974 69
7.150 974 69
7.162 974 69
7.162 973 69
7.162 974 69
7.174 975 69
7.174 975 69
7.185 971 69
7.185 972 69
7.185 974 69
7.185 974 69
7.197 975 69
7.197 973 69
7.208 975 69
7.208 974 69
7.208 974 69
7.220 973 69
7.220 973 69
7.220 975 69
7.232 0 69
7.232 0 69
7.232 0 69
7.243 1 69
7.243 0 69
7.243 0 69
7.255 0 69
7.255 0 69
7.255 0 69
7.266 0 69
7.266 0 69
7.266 0 69
7.278 0 69
7.278 0 69
7.290 0 69
7.290 0 69
7.290 0 69
7.301 0 69
7.301 0 69
7.301 0 69
7.301 0 69
7.313 0 69
7.313 0 69
7.324 0 69
7.324 0 69
7.324 0 69
7.324 2 69
7.336 0 69
7.336 0 69
7.348 0 69
7.348 0 69
7.348 0 69
7.359 1 69
7.359 0 69
7.359 0 69
7.371 0 69
7.371 0 69
7.371 0 69
7.382 0 69
7.382 0 69
7.382 0 69
7.394 0 69
7.394 0 69
7.394 0 69
7.406 0 69
7.406 0 69
7.417 1 69
7.417 0 69
7.417 0 69
7.417 0 69
7.429 1 69
7.429 0 69
7.441 0 69
7.441 0 69
7.441 0 69
7.452 0 69
7.452 1 69
7.452 0 69
7.452 0 69
7.464 0 69
7.464 0 69
7.475 0 69
7.475 0 69
7.475 0 69
7.487 0 69
7.487 0 69
7.487 0 69
7.499 0 69
7.499 0 69
7.499 1 69
7.510 0 69
7.510 0 69
7.522 0 69
7.522 0 69
7.522 0 69
7.522 0 69
7.533 0 69
7.533 0 69
7.545 0 69
7.545 0 69
7.545 0 69
7.557 0 69
7.557 0 69
7.557 0 69
7.557 0 69
7.568 0 69
7.568 0 69
7.580 0 69
7.580 0 69
7.580 0 69
7.591 0 69
7.591 0 69
7.591 0 69
7.603 1 69
7.603 0 69
7.615 0 69
7.615 0 69
7.615 0 69
7.615 0 69
7.626 0 69
7.626 0 69
7.626 0 69
7.638 0 69
7.638 1 69
7.650 0 69
7.650 0 69
7.650 0 69
7.650 0 69
7.661 0 69
7.661 0 69
7.673 0 69
7.673 0 69
7.673 0 69
7.673 0 69
7.684 0 69
7.684 0 69
7.696 0 69
7.696 1 69
7.696 0 69
7.708 0 69
7.708 0 69
7.708 0 69
7.719 0 69
7.719 0 69
7.719 0 69
7.731 0 69
7.731 0 69
7.731 0 69
7.742 0 69
7.742 0 69
7.742 0 69
7.754 0 69
7.754 0 69
7.766 0 69
7.766 0 69
7.766 0 69
7.766 1 69
7.777 0 69
7.777 0 69
7.789 0 69
7.789 0 69
7.789 1 69
7.800 0 69
7.800 0 69
7.800 0 69
7.812 0 69
7.812 1 69
7.812 0 69
7.824 0 69
7.824 0 69
7.824 0 69
7.835 0 69
7.835 0 69
7.847 0 69
7.847 0 69
7.847 0 69
7.847 0 69
7.859 0 69
7.859 0 69
7.859 0 69
7.870 1 69
7.870 0 69
7.870 0 69
7.882 0 69
7.882 0 69
7.893 0 69
7.893 0 69
7.893 0 69
7.893 0 69
7.905 0 69
7.905 1 69
7.905 0 69
7.917 0 69
7.917 0 69
7.928 0 69
7.928 0 69
7.928 0 69
7.940 0 69
7.940 0 69
7.940 0 69
7.951 0 69
7.951 0 69
7.963 0 69
7.963 0 69
7.963 1 69
7.975 0 69
7.975 0 69
7.975 0 69
7.975 0 69
7.986 0 69
7.986 0 69
7.986 0 69
7.998 0 69
7.998 0 69
8.009 1 69
8.009 0 69
8.009 0 69
8.009 0 69
8.021 0 69
8.021 0 69
8.033 0 69
8.033 0 69
8.033 0 69
8.044 1 69
8.044 0 69
8.044 0 69
8.056 0 69
8.056 0 69
8.067 0 69
8.067 0 69
8.067 0 69
8.067 0 69
8.079 0 69
8.079 1 69
8.079 0 69
8.091 0 69
8.091 973 69
8.091 971 69
8.102 974 69
8.102 974 69
8.102 975 69
8.114 973 69
8.114 971 69
8.114 974 69
8.126 974 69
8.126 975 69
8.137 974 69
8.137 973 69
8.137 973 69
8.137 974 69
8.149 974 69
8.149 973 69
8.160 974 69
8.160 974 69
8.160 974 69
8.172 974 69
8.172 972 69
8.172 974 69
8.184 974 69
8.184 974 69
8.184 971 69
8.184 971 69
8.195 0 69
8.195 0 69
8.207 0 69
8.207 0 69
8.207 0 69
8.218 0 69
8.218 0 69
8.218 0 69
8.230 0 69
8.230 0 69
8.242 0 69
8.242 0 69
8.242 0 69
8.253 1 69
8.253 0 69
8.253 0 69
8.253 0 69
8.265 0 69
8.265 0 69
8.276 0 69
8.276 0 69
8.276 0 69
8.288 0 69
8.288 0 69
8.288 0 69
8.288 0 69
8.300 0 69
8.300 0 69
8.311 0 69
8.311 0 69
8.311 0 69
8.323 0 69
8.323 1 69
8.335 0 69
8.335 0 69
8.335 0 69
8.335 0 69
8.346 0 69
8.346 0 69
8.346 0 69
8.358 0 69
8.358 0 69
8.369 1 69
8.369 0 69
8.369 0 69
8.369 0 69
8.381 0 69
8.381 0 69
8.381 0 69
8.393 0 69
8.393 0 69
8.404 0 69
8.404 0 69
8.404 0 69
8.416 0 69
8.416 0 69
8.427 1 69
8.427 0 69
8.427 0 69
8.427 0 69
8.439 0 69
8.439 0 69
8.439 0 69
8.451 0 69
8.451 0 69
8.451 0 69
8.462 1 69
8.462 0 69
8.474 0 69
8.474 0 69
8.474 0 69
8.474 0 69
8.485 0 69
8.485 0 69
8.497 0 69
8.497 1 69
8.497 0 69
8.509 0 69
8.509 0 69
8.509 0 69
8.509 1 69
8.520 0 69
8.520 0 69
8.532 0 69
8.532 0 69
8.532 1 69
8.543 0 69
8.543 0 69
8.543 0 69
8.555 0 69
8.555 0 69
8.555 0 69
8.567 0 69
8.567 0 69
8.578 0 69
8.578 0 69
8.578 0 69
8.578 0 69
8.590 0 69
8.590 0 69
8.602 0 69
8.602 0 69
8.602 0 69
8.602 0 69
8.613 0 69
8.613 0 69
8.625 0 69
8.625 0 69
8.625 0 69
8.636 1 69
8.636 0 69
8.636 0 69
8.648 0 69
8.648 0 69
8.648 0 69
8.660 0 69
8.660 0 69
8.660 0 69
8.671 0 69
8.671 0 69
8.671 0 69
8.683 0 69
8.683 0 69
8.683 1 69
8.694 0 69
8.694 0 69
8.694 0 69
8.706 1 69
8.706 0 69
8.706 0 69
8.718 0 69
8.718 0 69
8.718 0 69
8.729 1 69
8.729 0 69
8.741 0 69
8.741 0 69
8.741 0 69
8.741 0 69
8.752 0 69
8.752 0 69
8.764 0 69
8.764 0 69
8.764 0 69
8.776 0 69
8.776 0 69
8.776 0 69
8.787 0 69
8.787 0 69
8.799 0 69
8.799 0 69
8.799 0 69
8.799 0 69
8.811 0 69
8.811 0 69
8.811 0 69
8.822 0 69
8.822 0 69
8.822 0 69
8.834 0 69
8.834 0 69
8.845 0 69
8.845 0 69
8.845 0 69
8.845 0 69
8.857 0 69
8.857 1 69
8.869 0 69
8.869 0 69
8.869 0 69
8.880 0 69
8.880 0 69
8.880 0 69
8.892 0 69
8.892 0 69
8.892 0 69
8.900 1 69
8.903 0 69
8.903 0 69
8.915 0 69
8.915 1 69
8.915 0 69
8.927 0 69
8.927 0 69
8.927 0 69
8.938 0 69
8.938 0 69
8.938 0 69
8.950 0 69
8.950 0 69
8.950 0 69
8.961 0 69
8.961 0 69
8.973 0 69
8.973 1 69
8.973 0 69
8.973 0 69
8.985 0 69
8.985 0 69
8.996 0 69
8.996 0 69
8.996 0 69
9.008 0 69
9.008 0 69
9.008 1 69
9.008 0 69
9.020 0 69
9.020 0 69
9.031 0 69
9.031 0 69
9.031 0 69
9.043 0 69
9.043 972 69
9.043 974 69
9.054 975 69
9.054 975 69
9.054 974 69
9.066 973 69
9.066 971 69
9.078 975 69
9.078 975 69
9.078 975 69
9.078 971 69
9.089 973 69
9.089 975 69
9.089 975 69
9.101 975 69
9.101 971 69
9.112 971 69
9.112 974 69
9.112 975 69
9.112 975 69
9.124 972 69
9.124 974 69
9.124 974 69
9.136 974 69
9.136 973 69
9.147 974 69
9.147 0 69
9.147 0 69
9.159 0 69
9.159 0 69
9.159 0 69
9.170 0 69
9.170 0 69
9.170 0 69
9.182 0 69
9.182 1 69
9.194 0 69
9.194 0 69
9.194 0 69
9.194 0 69
9.205 0 69
9.205 0 69
9.217 0 69
9.217 0 69
9.217 0 69
9.228 0 69
9.228 0 69
9.228 0 69
9.240 0 69
9.240 2 69
9.240 0 69
9.240 0 69
9.252 0 69
9.252 0 69
9.263 0 69
9.263 0 69
9.263 0 69
9.275 0 69
9.275 0 69
9.275 0 69
9.287 0 69
9.287 0 69
9.287 0 69
9.298 0 69
9.298 0 69
9.298 0 69
9.310 0 69
9.310 0 69
9.321 0 69
9.321 0 69
9.321 0 69
9.321 0 69
9.333 0 69
9.333 1 69
9.345 0 69
9.345 0 69
9.345 0 69
9.356 0 69
9.356 1 69
9.356 0 69
9.368 0 69
9.368 0 69
9.377 0 69
9.379 0 69
9.379 0 69
9.379 0 69
9.391 0 69
9.391 0 69
9.391 0 69
9.403 0 69
9.403 0 69
9.414 0 69
9.414 1 69
9.414 0 69
9.426 0 69
9.426 0 69
9.426 1 69
9.426 0 69
9.437 0 69
9.437 0 69
9.449 0 69
9.449 0 69
9.449 1 69
9.461 0 69
9.461 0 69
9.461 0 69
9.461 0 69
9.472 0 69
9.472 0 69
9.484 0 69
9.484 0 69
9.484 0 69
9.496 0 69
9.496 0 69
9.496 0 69
9.507 0 69
9.507 0 69
9.507 0 69
9.519 0 69
9.519 0 69
9.519 1 69
9.530 1 69
9.530 0 69
9.530 0 69
9.542 0 69
9.542 0 69
9.554 1 69
9.554 0 69
9.554 0 69
9.565 0 69
9.565 0 69
9.565 0 69
9.565 0 69
9.577 0 69
9.577 0 69
9.588 0 69
9.588 0 69
9.588 0 69
9.600 0 69
9.600 1 69
9.600 0 69
9.612 0 69
9.612 0 69
9.612 0 69
9.623 0 69
9.623 1 69
9.635 0 69
9.635 0 69
9.635 0 69
9.635 1 69
9.646 0 69
9.646 0 69
9.646 0 69
9.658 0 69
9.658 0 69
9.658 0 69
9.670 0 69
9.670 0 69
9.670 0 69
9.681 0 69
9.681 0 69
9.693 0 69
9.693 0 69
9.693 1 69
9.693 0 69
9.704 0 69
9.704 0 69
9.716 0 69
9.716 0 69
9.716 1 69
9.728 0 69
9.728 0 69
9.728 0 69
9.739 0 69
9.739 0 69
9.739 0 69
9.751 0 69
9.751 0 69
9.751 0 69
9.763 0 69
9.763 0 69
9.763 0 69
9.774 0 69
9.774 0 69
9.774 0 69
9.786 0 69
9.786 0 69
9.786 1 69
9.797 0 69
9.797 0 69
9.809 0 69
9.809 0 69
9.809 1 69
9.809 0 69
9.821 0 69
9.821 0 69
9.832 0 69
9.832 0 69
9.832 0 69
9.832 0 69
9.844 0 69
9.844 0 69
9.855 0 69
9.855 0 69
9.855 0 69
9.867 0 69
9.867 1 69
9.867 0 69
9.879 0 69
9.879 0 69
9.879 0 69
9.890 0 69
9.890 0 69
9.902 0 69
9.902 0 69
9.902 0 69
9.902 1 69
9.913 0 69
9.913 0 69
9.925 0 69
9.925 0 69
9.925 0 69
9.937 0 69
9.937 0 69
9.937 0 69
9.938 0 69
9.948 0 69
9.948 0 69
9.960 0 69
9.960 0 69
9.960 1 69
9.972 0 69
9.972 0 69
9.983 0 69
9.983 0 69
9.983 0 69
9.983 0 69
9.995 0 69
9.995 0 69
9.995 0 69
10.006 1 69
10.006 0 69
10.006 0 69
10.018 0 69
10.018 0 69
10.030 974 63
10.030 974 63
10.030 974 63
10.030 974 63
10.041 974 63
10.041 975 63
10.053 974 63
10.053 974 63
10.053 975 63
10.064 973 63
10.064 975 63
10.064 974 63
10.064 973 63
10.076 971 63
10.076 974 63
10.076 975 63
10.088 975 63
10.088 974 63
10.099 971 63
10.099 971 63
10.099 975 63
10.111 975 63
10.111 972 63
10.111 971 63
10.122 974 63
10.122 0 63
10.134 0 63
10.134 0 63
10.134 0 63
10.134 0 63
10.146 0 63
10.146 0 63
10.146 1 63
10.157 0 63
10.157 0 63
10.169 0 63
10.169 0 63
10.169 0 63
10.169 0 63
10.180 0 63
10.180 0 63
10.180 0 63
10.192 0 63
10.192 0 63
10.204 0 63
10.204 0 63
10.204 0 63
10.215 0 63
10.215 0 63
10.215 0 63
10.227 0 63
10.227 0 63
10.227 1 63
10.239 0 63
10.239 0 63
10.239 0 63
10.250 1 63
10.250 0 63
10.250 0 63
10.262 0 63
10.262 0 63
10.273 0 63
10.273 1 63
10.273 0 63
10.285 0 63
10.285 0 63
10.285 0 63
10.285 0 63
10.297 0 63
10.297 0 63
10.308 0 63
10.308 0 63
10.308 0 63
10.320 0 63
10.320 0 63
10.320 1 63
10.331 0 63
10.331 0 63
10.331 0 63
10.331 0 63
10.343 0 63
10.343 0 63
10.355 0 63
10.355 0 63
10.355 0 63
10.366 1 63
10.366 0 63
10.366 0 63
10.378 0 63
10.378 0 63
10.389 0 63
10.389 0 63
10.389 0 63
10.389 0 63
10.401 0 63
10.401 0 63
10.413 0 63
10.413 0 63
10.413 0 63
10.424 2 63
10.424 0 63
10.424 0 63
10.436 0 63
10.436 0 63
10.436 1 63
10.436 1 63
10.448 0 63
10.448 0 63
10.459 0 63
10.459 1 63
10.459 0 63
10.471 0 63
10.471 0 63
10.471 0 63
10.482 0 63
10.482 0 63
10.494 0 63
10.494 0 63
10.494 1 63
10.494 0 63
10.506 0 63
10.506 0 63
10.517 0 63
10.517 2 63
10.517 0 63
10.529 0 63
10.529 0 63
10.529 0 63
10.540 1 63
10.540 0 63
10.540 0 63
10.552 0 63
10.552 0 63
10.552 0 63
10.564 0 63
10.564 0 63
10.564 0 63
10.575 0 63
10.575 0 63
10.575 0 63
10.587 0 63
10.587 0 63
10.587 1 63
10.598 0 63
10.598 0 63
10.598 0 63
10.610 0 63
10.610 1 63
10.610 0 63
10.622 0 63
10.622 0 63
10.633 0 63
10.633 1 63
10.633 0 63
10.633 0 63
10.645 0 63
10.645 0 63
10.645 0 63
10.657 0 63
10.657 0 63
10.668 0 63
10.668 0 63
10.668 0 63
10.680 0 63
10.680 0 63
10.680 0 63
10.691 1 63
10.691 0 63
10.691 0 63
10.691 0 63
10.703 1 63
10.703 0 63
10.715 0 63
10.715 0 63
10.715 0 63
10.726 0 63
10.726 1 63
10.726 0 63
10.738 0 63
10.738 0 63
10.749 0 63
10.749 0 63
10.749 0 63
10.749 0 63
10.761 0 63
10.761 0 63
10.773 0 63
10.773 0 63
10.784 0 63
10.784 0 63
10.784 1 63
10.784 0 63
10.796 0 63
10.796 0 63
10.796 0 63
10.807 0 63
10.807 0 63
10.807 0 63
10.819 0 63
10.819 0 63
10.819 1 63
10.831 0 63
10.831 0 63
10.831 0 63
10.842 0 63
10.842 0 63
10.854 0 63
10.854 0 63
10.854 0 63
10.854 1 63
10.865 0 63
10.865 0 63
10.877 0 63
10.877 2 63
10.889 0 63
10.889 0 63
10.889 0 63
10.889 0 63
10.889 0 63
10.900 0 63
10.900 0 63
10.912 0 63
10.912 0 63
10.924 1 63
10.924 0 63
10.924 0 63
10.924 0 63
10.935 0 63
10.935 0 63
10.935 0 63
10.947 0 63
10.947 0 63
10.958 0 63
10.958 0 63
10.958 0 63
10.958 975 61
10.970 973 61
10.970 972 61
10.982 973 61
10.982 975 61
10.982 975 61
10.982 974 61
10.993 971 61
10.993 973 61
10.993 974 61
11.005 975 61
11.005 972 61
11.016 972 61
11.016 974 61
11.028 974 61
11.028 974 61
11.028 973 61
11.028 972 61
11.040 974 61
11.040 974 61
11.040 973 61
11.051 972 61
11.051 975 61
11.051 975 61
11.063 974 61
11.063 0 61
11.063 1 61
11.074 1 61
11.074 0 61
11.074 0 61
11.086 0 61
11.086 1 61
11.098 0 61
11.098 0 61
11.098 0 61
11.098 0 61
11.109 0 61
11.109 0 61
11.121 0 61
11.121 0 61
11.121 0 61
11.133 0 61
11.133 0 61
11.133 0 61
11.144 0 61
11.144 1 61
11.144 0 61
11.144 0 61
11.156 0 61
11.156 0 61
11.167 0 61
11.167 0 61
11.167 0 61
11.179 0 61
11.179 0 61
11.179 1 61
11.191 0 61
11.191 0 61
11.202 0 61
11.202 0 61
11.202 0 61
11.202 0 61
11.214 0 61
11.214 0 61
11.225 0 61
11.225 0 61
11.225 0 61
11.225 0 61
11.237 0 61
11.237 1 61
11.249 0 61
11.249 0 61
11.249 0 61
11.249 0 61
11.260 0 61
11.260 0 61
11.272 0 61
11.272 0 61
11.272 0 61
11.283 1 61
11.283 0 61
11.283 0 61
11.295 0 61
11.295 0 61
11.307 0 61
11.307 0 61
11.307 0 61
11.318 0 61
11.318 0 61
11.318 0 61
11.318 0 61
11.330 0 61
11.330 0 61
11.330 1 61
11.341 0 61
11.341 0 61
11.353 0 61
11.353 0 61
11.353 1 61
11.353 0 61
11.365 0 61
11.365 0 61
11.376 0 61
11.376 0 61
11.376 0 61
11.376 0 61
11.388 0 61
11.388 0 61
11.400 0 61
11.400 0 61
11.400 0 61
11.411 0 61
11.411 1 61
11.411 0 61
11.423 0 61
11.423 0 61
11.434 1 61
11.434 0 61
11.434 0 61
11.434 0 61
11.446 0 61
11.446 0 61
11.458 0 61
11.458 0 61
11.458 0 61
11.458 0 61
11.469 0 61
11.469 0 61
11.469 0 61
11.481 0 61
11.481 0 61
11.481 0 61
11.492 0 61
11.492 0 61
11.504 0 61
11.504 0 61
11.504 1 61
11.516 0 61
11.516 0 61
11.527 0 61
11.527 1 61
11.527 0 61
11.527 0 61
11.539 0 61
11.539 0 61
11.539 0 61
11.550 1 61
11.550 0 61
11.550 0 61
11.562 0 61
11.562 0 61
11.562 0 61
11.574 0 61
11.574 0 61
11.574 0 61
11.585 0 61
11.585 0 61
11.597 0 61
11.597 0 61
11.597 1 61
11.609 0 61
11.609 0 61
11.609 0 61
11.609 0 61
11.620 0 61
11.620 0 61
11.632 0 61
11.632 0 61
11.632 0 61
11.643 0 61
11.643 0 61
11.643 0 61
11.655 0 61
11.655 0 61
11.655 0 61
11.667 0 61
11.667 0 61
11.667 0 61
11.678 0 61
11.678 0 61
11.678 0 61
11.690 0 61
11.690 0 61
11.701 2 61
11.701 0 61
11.701 0 61
11.701 0 61
11.713 0 61
11.713 0 61
11.713 1 61
11.725 0 61
11.725 0 61
11.736 0 61
11.736 1 61
11.736 0 61
11.748 0 61
11.748 0 61
11.748 0 61
11.759 0 61
11.759 0 61
11.759 0 61
11.771 0 61
11.771 0 61
11.771 0 61
11.783 0 61
11.783 0 61
11.783 0 61
11.794 1 61
11.794 0 61
11.806 0 61
11.806 0 61
11.806 0 61
11.818 1 61
11.818 0 61
11.818 0 61
11.818 0 61
11.829 0 61
